MTS793|MPT|ENU|1|0|.|/|:|1|0|0|A

Data Acquisition                                            Time:     10.022461 s         4/20/2017 10:28:59 AM
Time      Ch 1 Force Ch 1 Displacement
s         lbf       in
0.03125   19.626915 -7.390976e-05
0.041015625 17.734468 -9.9986792e-05
0.05078125 16.860626 -9.1195107e-05
0.060546875 18.966646 -6.1839819e-05
0.0703125 23.162477 -6.6906214e-05
0.080078125 30.40485 8.3446503e-06
0.08984375 39.709175 6.3031912e-05
0.099609375 50.595589 8.7171793e-05
0.109375  60.680061 0.00019788742
0.11914063 71.754936 0.00022247434
0.12890625 83.220001 0.00030875206
0.13867188 91.73967 0.00033184886
0.1484375 103.28236 0.00039607286
0.15820313 113.56458 0.00045135617
0.16796875 121.08392 0.00055059791
0.17773438 127.10769 0.00055849552
0.1875    129.97087 0.00058367848
0.19726563 139.49498 0.00067830086
0.20703125 143.04482 0.00070422888
0.21679688 147.83658 0.00071555376
0.2265625 149.63452 0.00074893236
0.23632813 157.64233 0.00082582235
0.24609375 174.50206 0.00099167228
0.25585938 180.43533 0.00097706914
0.265625  182.06679 0.0010144711
0.27539063 188.56961 0.0010211766
0.28515625 197.78934 0.0011540949
0.29492188 206.55751 0.0012271106
0.3046875 215.685   0.0012919307
0.31445313 222.78543 0.0013455749
0.32421875 232.29987 0.0013929605
0.33398438 235.13745 0.0014190376
0.34375   240.10677 0.0014635921
0.35351563 254.07945 0.0015534461
0.36328125 265.10785 0.0016745925
0.37304688 275.02777 0.0017133355
0.3828125 281.90021 0.0017939508
0.39257813 287.93857 0.0018127263
0.40234375 297.33319 0.0019001961
0.41210938 305.99969 0.0019210577
0.421875  312.69299 0.001963824
0.43164063 316.87115 0.0020258129
0.44140625 330.89386 0.0020556152
0.45117188 340.40283 0.0021195412
0.4609375 349.12866 0.0021782517
0.47070313 356.55875 0.0022175908
0.48046875 372.62488 0.0022684038
0.49023438 391.06305 0.0024306774
0.5       405.54974 0.0024867058
0.50976563 418.19171 0.0025671721
0.51953125 423.81052 0.0026281178
0.52929688 436.37817 0.0026462972
0.5390625 449.05865 0.0027766824
0.54882813 458.98264 0.0028009713
0.55859375 461.01901 0.0028041005
0.56835938 472.22531 0.0028406084
0.578125  485.06009 0.0029096007
0.58789063 498.74466 0.0030340254
0.59765625 514.19067 0.0030827522
0.60742188 525.58435 0.0031599402
0.6171875 535.46674 0.0031755865
0.62695313 546.61914 0.0032751262
0.63671875 549.06775 0.0032427907
0.64648438 549.48987 0.0032739341
0.65625   557.00958 0.0033061206
0.66601563 576.86359 0.0034271181
0.67578125 595.41675 0.0035263598
0.68554688 605.86792 0.0036148727
0.6953125 612.72406 0.0036126375
0.70507813 632.13025 0.0036604702
0.71484375 647.38757 0.0037640333
0.72460938 651.4668 0.0038142502
0.734375  663.30853 0.0038221478
0.74414063 682.47345 0.0039449334
0.75390625 694.77808 0.0040236115
0.76367188 703.69958 0.0040575862
0.7734375 712.26331 0.0040958822
0.78320313 718.29303 0.0041536987
0.79296875 735.66315 0.0041988492
0.80273438 746.67474 0.0043156743
0.8125    749.27466 0.0043179095
0.82226563 760.04938 0.0043687224
0.83203125 768.59851 0.0043770671
0.84179688 780.33453 0.0044664741
0.8515625 787.48822 0.0045242906
0.86132813 793.50543 0.004581213
0.87109375 813.59637 0.0046543777
0.88085938 829.26544 0.0047439337
0.890625  845.33728 0.0048230588
0.90039063 850.68298 0.004838407
0.91015625 852.90857 0.0048808753
0.91992188 860.83795 0.004863292
0.9296875 873.33008 0.0049906969
0.93945313 889.32025 0.0050327182
0.94921875 903.08307 0.0051285326
0.95898438 917.31232 0.0052194297
0.96875   932.72333 0.005260855
0.97851563 949.89471 0.0053918362
0.98828125 956.79578 0.005454272
0.99804688 970.22931 0.0054943562
1.0078125 981.68634 0.0055500865
1.0175781 985.57385 0.0055649877
1.0273438 989.4187  0.0055982172
1.0371094 996.77832 0.0056180358
1.046875  1014.061  0.0057178736
1.0566406 1023.0549 0.0057868659
1.0664063 1031.6177 0.0058142841
1.0761719 1045.4288 0.0059007108
1.0859375 1055.4567 0.0059460104
1.0957031 1065.7472 0.0060090423
1.1054688 1084.1921 0.0060865283
1.1152344 1101.397  0.0062057376
1.125     1105.6801 0.0062027574
1.1347656 1110.0214 0.006210804
1.1445313 1117.7994 0.0062613189
1.1542969 1131.0607 0.0063088536
1.1640625 1146.1591 0.0064149499
1.1738281 1162.6808 0.0065384805
1.1835938 1173.0439 0.006570667
1.1933594 1176.5798 0.0065995753
1.203125  1183.2526 0.0066374242
1.2128906 1193.5408 0.0066377223
1.2226563 1207.5085 0.0067725778
1.2324219 1213.9672 0.0068128109
1.2421875 1221.2113 0.0068362057
1.2519531 1231.4777 0.0068789721
1.2617188 1246.1356 0.0069789588
1.2714844 1256.5543 0.0070644915
1.28125   1263.0719 0.0070768595
1.2910156 1269.5743 0.0070886314
1.3007813 1277.6572 0.0071595609
1.3105469 1288.14   0.0072497129
1.3203125 1299.7533 0.0073136389
1.3300781 1308.5765 0.0073884428
1.3398438 1311.8232 0.0074349344
1.3496094 1315.7731 0.0074772537
1.359375  1323.9579 0.007532239
1.3691406 1337.4177 0.0076173246
1.3789063 1352.4331 0.0076889992
1.3886719 1360.8593 0.0077973306
1.3984375 1371.8372 0.0078293681
1.4082031 1381.489  0.0079645216
1.4179688 1382.4281 0.0080096722
1.4277344 1382.0542 0.0080445409
1.4375    1385.2952 0.0080703199
1.4472656 1387.2471 0.008071214
1.4570313 1392.353  0.0080709159
1.4667969 1400.6599 0.008148104
1.4765625 1407.6577 0.0082285702
1.4863281 1423.561  0.0083146989
1.4960938 1432.7739 0.0083838403
1.5058594 1442.299  0.0084786117
1.515625  1448.8392 0.008521378
1.5253906 1460.4374 0.0086125731
1.5351563 1466.5151 0.008662194
1.5449219 1464.9055 0.0087344646
1.5546875 1463.5454 0.0087286532
1.5644531 1473.802  0.0088186562
1.5742188 1485.0686 0.0088900328
1.5839844 1489.0918 0.0089177489
1.59375   1501.2391 0.0090493262
1.6035156 1499.7708 0.0090946257
1.6132813 1503.9583 0.009136349
1.6230469 1508.2985 0.0091788173
1.6328125 1517.1083 0.0092725456
1.6425781 1517.1461 0.0092712045
1.6523438 1518.4707 0.0093309581
1.6621094 1528.7773 0.0094012916
1.671875  1532.5431 0.0094112754
1.6816406 1539.11   0.0094506145
1.6914063 1543.8464 0.009559691
1.7011719 1548.1851 0.0096002221
1.7109375 1551.3872 0.0096708536
1.7207031 1552.5614 0.009676218
1.7304688 1556.8148 0.0097078085
1.7402344 1570.3376 0.0098542869
1.75      1575.1686 0.0098691881
1.7597656 1580.6429 0.009957701
1.7695313 1590.2611 0.010045469
1.7792969 1592.6248 0.010103881
1.7890625 1600.1771 0.010181069
1.7988281 1605.5369 0.010227561
1.8085938 1605.0436 0.010307133
1.8183594 1614.741  0.010374486
1.828125  1620.2168 0.010440052
1.8378906 1621.8481 0.0104931
1.8476563 1621.3506 0.010516047
1.8574219 1624.6501 0.01057297
1.8671875 1632.347  0.010660738
1.8769531 1641.2161 0.010720342
1.8867188 1651.0222 0.010782927
1.8964844 1653.0038 0.010840297
1.90625   1654.4963 0.010922104
1.9160156 1657.6346 0.010939091
1.9257813 1660.4    0.011006594
1.9355469 1658.6312 0.011009872
1.9453125 1668.3719 0.01104027
1.9550781 1676.5446 0.011177957
1.9648438 1688.9213 0.011265576
1.9746094 1690.2726 0.011339039
1.984375  1694.8584 0.011403859
1.9941406 1694.8145 0.011397004
2.0039063 1700.2864 0.011476874
2.0136719 1707.0129 0.011530071
2.0234375 1708.1733 0.01161322
2.0332031 1711.375  0.011630803
2.0429688 1720.0819 0.011701137
2.0527344 1716.3378 0.011790097
2.0625    1723.3042 0.011810958
2.0722656 1722.7439 0.011782795
2.0820313 1732.8364 0.011914819
2.0917969 1744.0359 0.011998415
2.1015625 1744.214  0.01202777
2.1113281 1746.3427 0.012068152
2.1210938 1752.9553 0.012118667
2.1308594 1757.7064 0.012179017
2.140625  1768.1542 0.012306571
2.1503906 1761.6196 0.012397021
2.1601563 1764.5536 0.012440234
2.1699219 1767.3108 0.012479872
2.1796875 1774.9808 0.012551099
2.1894531 1785.6147 0.012589842
2.1992188 1784.5103 0.012689531
2.2089844 1791.5068 0.012722015
2.21875   1788.3536 0.012745112
2.2285156 1794.0376 0.012779236
2.2382813 1792.2303 0.012838542
2.2480469 1801.031  0.012898594
2.2578125 1806.6554 0.01296863
2.2675781 1807.3785 0.01298517
2.2773438 1813.0388 0.013065785
2.2871094 1824.3314 0.013137758
2.296875  1833.267  0.013238937
2.3066406 1829.5139 0.013269782
2.3164063 1827.3881 0.013232231
2.3261719 1829.0479 0.013321936
2.3359375 1836.8042 0.013365895
2.3457031 1856.5686 0.013537407
2.3554688 1864.4326 0.013609231
2.3652344 1868.531  0.013686717
2.375     1874.6558 0.013746917
2.3847656 1869.8881 0.013804734
2.3945313 1868.4943 0.013817996
2.4042969 1872.0978 0.013810843
2.4140625 1879.5802 0.013956875
2.4238281 1877.7493 0.013990551
2.4335938 1882.3    0.014010817
2.4433594 1892.5844 0.014092028
2.453125  1893.7809 0.014112741
2.4628906 1893.5776 0.014114082
2.4726563 1904.4075 0.014255196
2.4824219 1915.9895 0.014323145
2.4921875 1921.5211 0.014430732
2.5019531 1920.4833 0.014466941
2.5117188 1923.2373 0.014455467
2.5214844 1922.5757 0.014462173
2.53125   1926.8611 0.014597625
2.5410156 1933.3894 0.014665425
2.5507813 1939.9618 0.014682263
2.5605469 1942.0308 0.014725477
2.5703125 1947.7994 0.014844388
2.5800781 1960.3815 0.014907122
2.5898438 1961.0934 0.014940053
2.5996094 1962.0537 0.014978498
2.609375  1965.4988 0.015079528
2.6191406 1973.233  0.01518026
2.6289063 1981.8916 0.015261769
2.6386719 1983.0251 0.015270114
2.6484375 1979.8484 0.015296489
2.6582031 1987.3217 0.015374422
2.6679688 1997.5557 0.015463978
2.6777344 2001.5876 0.015513897
2.6875    2008.2394 0.015550852
2.6972656 2007.8237 0.015614629
2.7070313 2012.7882 0.015719682
2.7167969 2024.4332 0.015823543
2.7265625 2024.7579 0.015818477
2.7363281 2022.4503 0.01587674
2.7460938 2021.3743 0.015901476
2.7558594 2034.2052 0.015982687
2.765625  2042.2133 0.016081631
2.7753906 2044.8842 0.016093701
2.7851563 2045.2827 0.01616329
2.7949219 2047.1675 0.016226918
2.8046875 2049.5515 0.01628533
2.8144531 2054.7698 0.01629293
2.8242188 2054.3169 0.016355067
2.8339844 2062.9504 0.016405582
2.84375   2070.7561 0.016489774
2.8535156 2080.9119 0.016575307
2.8632813 2081.0605 0.016610026
2.8730469 2083.6738 0.016711056
2.8828125 2084.1528 0.016701669
2.8925781 2093.0447 0.016760081
2.9023438 2095.6929 0.016842037
2.9121094 2097.7021 0.016889125
2.921875  2101.019  0.016954988
2.9316406 2108.2339 0.016995221
2.9414063 2111.8203 0.017080009
2.9511719 2112.7512 0.01711905
2.9609375 2116.6479 0.017148703
2.9707031 2123.2222 0.017230809
2.9804688 2125.3142 0.017243177
2.9902344 2132.2925 0.017350167
3         2137.9243 0.017385632
3.0097656 2145.4771 0.017487556
3.0195313 2145.575  0.017526746
3.0292969 2150.7783 0.017572492
3.0390625 2157.948  0.01765579
3.0488281 2162.0588 0.017728955
3.0585938 2161.678  0.01772806
3.0683594 2169.6877 0.017855465
3.078125  2175.645  0.017904937
3.0878906 2174.5471 0.017942041
3.0976563 2172.4602 0.01797691
3.1074219 2177.6565 0.018013269
3.1171875 2185.2578 0.018102527
3.1269531 2197.8977 0.01815021
3.1367188 2206.1899 0.018301904
3.1464844 2203.2134 0.018326789
3.15625   2209.1167 0.018371642
3.1660156 2215.6106 0.018412024
3.1757813 2215.0566 0.018483251
3.1855469 2212.1484 0.018434078
3.1953125 2218.2249 0.018556565
3.2050781 2224.3953 0.018608272
3.2148438 2226.0583 0.018617809
3.2246094 2231.0583 0.018701106
3.234375  2246.3264 0.018801838
3.2441406 2249.0757 0.018874407
3.2539063 2248.7947 0.018927157
3.2636719 2248.3032 0.018942952
3.2734375 2253.6633 0.019010603
3.2832031 2258.8357 0.019090027
3.2929688 2265.3    0.019103289
3.3027344 2277.4382 0.019261241
3.3125    2286.4509 0.019322187
3.3222656 2284.0564 0.019349158
3.3320313 2281.1487 0.01944378
3.3417969 2280.6072 0.019430518
3.3515625 2282.8689 0.019450635
3.3613281 2283.5149 0.019504428
3.3710938 2291.9673 0.019554496
3.3808594 2298.825  0.019601136
3.390625  2301.5793 0.019671917
3.4003906 2308.0454 0.019750746
3.4101563 2322.3145 0.019853266
3.4199219 2323.1304 0.019875916
3.4296875 2329.5569 0.019938946
3.4394531 2336.125  0.020028651
3.4492188 2344.2026 0.020131171
3.4589844 2342.6719 0.020156205
3.46875   2342.4355 0.020224301
3.4785156 2352.938  0.020295978
3.4882813 2357.3943 0.020361543
3.4980469 2366.8308 0.0204657
3.5078125 2373.0586 0.020549146
3.5175781 2365.3044 0.020538418
3.5273438 2366.1802 0.020536482
3.5371094 2371.7576 0.020656737
3.546875  2380.5032 0.020700693
3.5566406 2387.9814 0.020775497
3.5664063 2392.4463 0.020813195
3.5761719 2398.2852 0.020927787
3.5859375 2398.9165 0.020950437
3.5957031 2394.9912 0.020930616
3.6054688 2401.5842 0.021043718
3.6152344 2407.5659 0.021082012
3.625     2418.7551 0.021151006
3.6347656 2422.9043 0.021216718
3.6445313 2424.0549 0.02128005
3.6542969 2425.1995 0.021317005
3.6640625 2420.5803 0.021329224
3.6738281 2425.48   0.021435916
3.6835938 2437.3494 0.021477493
3.6933594 2444.2085 0.021520555
3.703125  2452.0686 0.021615775
3.7128906 2454.6191 0.021724403
3.7226563 2460.4089 0.021761807
3.7324219 2466.7488 0.021792205
3.7421875 2473.801  0.021887422
3.7519531 2479.5142 0.021971464
3.7617188 2480.291  0.022027791
3.7714844 2478.1743 0.02208635
3.78125   2478.6328 0.022078903
3.7910156 2487.8647 0.022173373
3.8007813 2500.2268 0.022241175
3.8105469 2499.7915 0.022293627
3.8203125 2498.4041 0.022307189
3.8300781 2507.0496 0.022390187
3.8398438 2509.7878 0.022492409
3.8496094 2517.2427 0.022542477
3.859375  2524.429  0.022607001
3.8691406 2520.7615 0.022645442
3.8789063 2514.998  0.022631586
3.8886719 2516.9629 0.022623837
3.8984375 2536.2578 0.022796242
3.9082031 2539.5974 0.022826942
3.9179688 2542.6382 0.022884309
3.9277344 2551.2292 0.022968801
3.9375    2557.1567 0.023010818
3.9472656 2561.4087 0.023052843
3.9570313 2561.7639 0.023140462
3.9667969 2567.4705 0.023203492
3.9765625 2567.4197 0.023258626
3.9863281 2564.7415 0.023231208
3.9960938 2576.7502 0.023318827
4.0058594 2593.4163 0.023498384
4.015625  2597.1821 0.023497494
4.0253906 2592.5735 0.02356991
4.0351563 2596.2886 0.023592114
4.0449219 2603.1086 0.023694484
4.0546875 2609.323  0.0237523
4.0644531 2612.2632 0.023853032
4.0742188 2613.928  0.023865402
4.0839844 2616.8167 0.023893865
4.09375   2615.824  0.023939164
4.1035156 2625.5127 0.024014266
4.1132813 2629.7158 0.024125576
4.1230469 2626.6792 0.024093835
4.1328125 2638.5371 0.024171321
4.1425781 2646.2686 0.024233015
4.1523438 2649.8042 0.02431035
4.1621094 2651.0464 0.024363697
4.171875  2648.7004 0.024351327
4.1816406 2657.5095 0.024410784
4.1914063 2664.6025 0.024482906
4.2011719 2665.3772 0.024561286
4.2109375 2670.0632 0.02460018
4.2207031 2683.5024 0.02469972
4.2304688 2693.8984 0.024802983
4.2402344 2700.4255 0.024896709
4.25      2704.7917 0.024965405
4.2597656 2703.1909 0.025024565
4.2695313 2700.96   0.025022475
4.2792969 2701.8787 0.025084766
4.2890625 2707.0283 0.025152413
4.2988281 2710.9321 0.025177749
4.3085938 2715.2385 0.025264176
4.3183594 2719.5063 0.025338531
4.328125  2724.2803 0.025360286
4.3378906 2726.4341 0.025388153
4.3476563 2737.0249 0.025472792
4.3574219 2744.5916 0.025550723
4.3671875 2749.6501 0.025623592
4.3769531 2754.8608 0.025707483
4.3867188 2759.9067 0.025710464
4.3964844 2763.4473 0.025781989
4.40625   2767.2131 0.025844872
4.4160156 2770.8721 0.025858434
4.4257813 2773.0649 0.025946347
4.4355469 2778.1245 0.026031435
4.4453125 2779.6355 0.02603844
4.4550781 2779.0093 0.026098641
4.4648438 2782.0979 0.026144234
4.4746094 2794.7507 0.026237218
4.484375  2799.4612 0.026325881
4.4941406 2806.2922 0.026388764
4.5039063 2809.2881 0.026414394
4.5136719 2809.6338 0.026466548
4.5234375 2820.2512 0.026566088
4.5332031 2830.5508 0.02667621
4.5429688 2835.9246 0.026713312
4.5527344 2838.0144 0.026827605
4.5625    2841.2839 0.026803764
4.5722656 2836.8467 0.026885422
4.5820313 2834.9438 0.026896298
4.5917969 2844.4138 0.026981831
4.6015625 2846.8904 0.026992114
4.6113281 2847.355  0.02708927
4.6210938 2851.1948 0.027094929
4.6308594 2857.8308 0.027131883
4.640625  2861.5879 0.027177485
4.6503906 2865.7107 0.027256906
4.6601563 2866.9299 0.027261226
4.6699219 2875.1875 0.027333649
4.6796875 2878.9092 0.027374923
4.6894531 2884.6897 0.027491601
4.6992188 2894.5508 0.02753973
4.7089844 2903.157  0.027574003
4.71875   2908.8542 0.027649553
4.7285156 2909.9668 0.027724655
4.7382813 2914.6523 0.027817639
4.7480469 2923.97   0.027842522
4.7578125 2924.5359 0.027976481
4.7675781 2923.9299 0.028022679
4.7773438 2926.4316 0.028041899
4.7871094 2930.0916 0.02810359
4.796875  2930.9324 0.028180631
4.8066406 2937.3806 0.028229205
4.8164063 2939.2573 0.028262289
4.8261719 2942.1477 0.028287172
4.8359375 2954.3245 0.028372705
4.8457031 2958.4734 0.028441994
4.8554688 2958.3933 0.028506072
4.8652344 2960.3625 0.02853632
4.875     2966.7375 0.028628111
4.8847656 2967.7908 0.028649271
4.8945313 2979.208  0.028743593
4.9042969 2987.5388 0.028819144
4.9140625 2985.8008 0.028873384
4.9238281 2984.8733 0.028910486
4.9335938 2990.7986 0.028953254
4.9433594 2997.9458 0.029002726
4.953125  3002.3713 0.0291273
4.9628906 3005.4783 0.029126406
4.9726563 3014.4121 0.029225945
4.9824219 3014.7939 0.02923727
4.9921875 3012.7258 0.029247252
5.0019531 3018.7832 0.029349772
5.0117188 3026.8071 0.029381363
5.0214844 3036.708  0.02949849
5.03125   3039.4419 0.029536637
5.0410156 3048.6782 0.029628428
5.0507813 3051.9182 0.02973005
5.0605469 3057.0068 0.02978727
5.0703125 3062.325  0.029889194
5.0800781 3071.9939 0.0299342
5.0898438 3076.0303 0.029996336
5.0996094 3070.8005 0.030051172
5.109375  3065.7283 0.03001198
5.1191406 3067.8467 0.030079039
5.1289063 3075.2637 0.030133724
5.1386719 3084.9358 0.030217918
5.1484375 3093.1594 0.030292869
5.1582031 3102.2285 0.030361414
5.1679688 3101.5916 0.030406713
5.1777344 3104.5957 0.030432642
5.1875    3103.5627 0.03046155
5.1972656 3106.303  0.030543955
5.2070313 3111.4709 0.03056258
5.2167969 3116.3748 0.030654518
5.2265625 3129.0833 0.03072679
5.2363281 3138.3618 0.030819925
5.2460938 3135.1953 0.030898154
5.2558594 3131.2729 0.030905453
5.265625  3133.791  0.030941963
5.2753906 3140.0601 0.030976534
5.2851563 3143.3662 0.031070264
5.2949219 3156.6165 0.031115262
5.3046875 3163.2942 0.031231491
5.3144531 3162.7642 0.031265467
5.3242188 3161.094  0.031291693
5.3339844 3161.6086 0.031320155
5.34375   3165.9553 0.031358004
5.3535156 3180.7546 0.031502098
5.3632813 3191.6035 0.031593591
5.3730469 3198.4871 0.031679273
5.3828125 3192.532  0.03168568
5.3925781 3195.8728 0.031713694
5.4023438 3198.8198 0.031732768
5.4121094 3206.7734 0.031846017
5.421875  3208.6812 0.031886995
5.4316406 3214.1262 0.031998158
5.4414063 3222.8728 0.032064766
5.4511719 3227.1641 0.032135248
5.4609375 3228.3752 0.032171607
5.4707031 3228.4939 0.032223165
5.4804688 3234.1194 0.032240003
5.4902344 3245.4663 0.032314807
5.5       3250.8987 0.032451153
5.5097656 3254.9468 0.032511503
5.5195313 3255.5457 0.032498538
5.5292969 3256.8523 0.032570511
5.5390625 3261.0073 0.032617301
5.5488281 3262.1602 0.0326626
5.5585938 3264.407  0.032754987
5.5683594 3266.7136 0.032756925
5.578125  3269.7698 0.032753497
5.5878906 3283.092  0.032865554
5.5976563 3288.168  0.032936186
5.6074219 3291.3804 0.032983422
5.6171875 3295.7466 0.033067614
5.6269531 3308.0706 0.033153743
5.6367188 3311.2283 0.033233762
5.6464844 3314.0366 0.033277273
5.65625   3319.4956 0.033363998
5.6660156 3316.6321 0.03335759
5.6757813 3315.5266 0.033430308
5.6855469 3321.946  0.03346771
5.6953125 3325.3887 0.03347367
5.7050781 3333.2146 0.033582002
5.7148438 3345.7522 0.033692271
5.7246094 3344.9707 0.03371194
5.734375  3348.0842 0.03378734
5.7441406 3349.0383 0.03383249
5.7539063 3351.1187 0.033872724
5.7636719 3358.3684 0.033929944
5.7734375 3364.9988 0.034017712
5.7832031 3372.5933 0.034059137
5.7929688 3377.2141 0.034141541
5.8027344 3381.2925 0.034181327
5.8125    3387.5186 0.034219027
5.8222656 3388.4019 0.034309328
5.8320313 3388.6814 0.034337491
5.8417969 3387.2646 0.034382343
5.8515625 3392.7942 0.034462363
5.8613281 3399.0481 0.034485608
5.8710938 3400.1499 0.034533292
5.8808594 3411.7373 0.034610033
5.890625  3429.0095 0.034772307
5.9003906 3430.5242 0.034783036
5.9101563 3431.1011 0.034881085
5.9199219 3433.8604 0.034945607
5.9296875 3435.7449 0.034967512
5.9394531 3443.0769 0.035077333
5.9492188 3448.8511 0.035121888
5.9589844 3452.0718 0.03513217
5.96875   3454.3667 0.035205483
5.9785156 3453.7085 0.035253316
5.9882813 3451.6802 0.035265088
5.9980469 3460.0347 0.035339594
6.0078125 3468.2078 0.035391897
6.0175781 3474.4954 0.035482645
6.0273438 3482.7537 0.035571456
6.0371094 3495.9229 0.035661608
6.046875  3490.7336 0.035702288
6.0566406 3488.0752 0.035736263
6.0664063 3489.8503 0.035707802
6.0761719 3488.9346 0.035744458
6.0859375 3494.0803 0.035830736
6.0957031 3501.4158 0.035880804
6.1054688 3510.7361 0.035914034
6.1152344 3515.6768 0.035957694
6.125     3516.1704 0.036039799
6.1347656 3521.4844 0.036129057
6.1445313 3529.0427 0.036173314
6.1542969 3532.4873 0.036208332
6.1640625 3537.9836 0.036298186
6.1738281 3548.345  0.036447048
6.1835938 3546.2617 0.036454499
6.1933594 3550.3975 0.03650099
6.203125  3559.2327 0.036616027
6.2128906 3568.8853 0.036639422
6.2226563 3573.7222 0.036737323
6.2324219 3572.3003 0.036787689
6.2421875 3569.6255 0.036801398
6.2519531 3572.9971 0.036849827
6.2617188 3582.0439 0.036945641
6.2714844 3591.3621 0.037018955
6.28125   3593.1533 0.037053823
6.2910156 3602.0291 0.037129968
6.3007813 3607.8357 0.037201941
6.3105469 3610.3801 0.037243068
6.3203125 3610.606  0.037273318
6.3300781 3610.925  0.037320107
6.3398438 3618.3582 0.037414581
6.3496094 3619.6787 0.037463456
6.359375  3623.0708 0.037538558
6.3691406 3624.0027 0.037502944
6.3789063 3623.8569 0.037542433
6.3886719 3631.5352 0.037608892
6.3984375 3639.9365 0.037689656
6.4082031 3644.8513 0.037731528
6.4179688 3655.5315 0.037831068
6.4277344 3661.0439 0.037890971
6.4375    3661.6572 0.037934333
6.4472656 3666.198  0.038002729
6.4570313 3675.7446 0.038088709
6.4667969 3684.5    0.038194358
6.4765625 3689.3188 0.038270503
6.4863281 3687.5308 0.038273036
6.4960938 3686.636  0.038353056
6.5058594 3686.3015 0.038362592
6.515625  3692.6699 0.03844142
6.5253906 3704.7622 0.038513839
6.5351563 3709.2827 0.038554519
6.5449219 3709.8035 0.038581342
6.5546875 3710.5615 0.038623959
6.5644531 3714.2524 0.038720518
6.5742188 3721.9209 0.038791895
6.5839844 3725.7771 0.038813353
6.59375   3728.8789 0.038867593
6.6035156 3732.3032 0.038941205
6.6132813 3744.6411 0.039014816
6.6230469 3749.7    0.039082319
6.6328125 3757.1816 0.039156526
6.6425781 3755.0212 0.03920123
6.6523438 3751.5408 0.039206296
6.6621094 3759.7998 0.039298385
6.671875  3769.3965 0.039417148
6.6816406 3773.0442 0.039417893
6.6914063 3776.7668 0.039475709
6.7011719 3783.1975 0.03950119
6.7109375 3786.0627 0.039599687
6.7207031 3791.1426 0.039633065
6.7304688 3795.9502 0.039747953
6.7402344 3798.9058 0.039701764
6.75      3800.1355 0.039812628
6.7597656 3809.5645 0.039877892
6.7695313 3813.3867 0.039935857
6.7792969 3817.342  0.040011257
6.7890625 3815.0637 0.040042996
6.7988281 3823.6802 0.040091276
6.8085938 3833.8721 0.040177409
6.8183594 3833.0107 0.040228814
6.828125  3832.6758 0.040251613
6.8378906 3842.8533 0.040361136
6.8476563 3857.6816 0.04042685
6.8574219 3866.7019 0.04054904
6.8671875 3864.4436 0.040563196
6.8769531 3860.1514 0.040621012
6.8867188 3858.2556 0.040632337
6.8964844 3870.7412 0.040745735
6.90625   3875.0459 0.040795207
6.9160156 3872.3535 0.040820535
6.9257813 3881.7996 0.040891021
6.9355469 3889.3545 0.040950328
6.9453125 3901.6895 0.041074306
6.9550781 3907.2297 0.041119162
6.9648438 3905.5164 0.041126315
6.9746094 3908.7761 0.041195303
6.984375  3911.0259 0.041267425
6.9941406 3909.384  0.041273832
7.0039063 3912.1636 0.041317195
7.0136719 3917.384  0.041390356
7.0234375 3926.2444 0.041508373
7.0332031 3929.7361 0.041502118
7.0429688 3931.6936 0.041582733
7.0527344 3941.5171 0.041643683
7.0625    3945.9807 0.041693147
7.0722656 3956.7087 0.041775554
7.0820313 3960.5999 0.041834116
7.0917969 3966.5237 0.041902661
7.1015625 3969.3296 0.041978359
7.1113281 3972.1147 0.042063594
7.1210938 3975.1111 0.042098165
7.1308594 3982.8064 0.042140182
7.140625  3983.7009 0.042192191
7.1503906 3986.7051 0.042230487
7.1601563 3996.2693 0.042304993
7.1699219 4006.3401 0.042424351
7.1796875 4001.2444 0.042459518
7.1894531 4001.5483 0.042449683
7.1992188 4006.4785 0.042506307
7.2089844 4011.6267 0.042562485
7.21875   4024.8496 0.042705234
7.2285156 4029.6108 0.04276216
7.2382813 4026.751  0.042786002
7.2480469 4030.6594 0.042810887
7.2578125 4032.3792 0.042886138
7.2675781 4034.1763 0.042891201
7.2773438 4041.5483 0.042982992
7.2871094 4047.5396 0.043019503
7.296875  4049.4475 0.04307181
7.3066406 4054.0776 0.043147057
7.3164063 4061.2119 0.043139309
7.3261719 4067.4207 0.043236464
7.3359375 4071.0535 0.043320805
7.3457031 4079.4702 0.043369383
7.3554688 4091.2388 0.043484569
7.3652344 4094.9473 0.043543879
7.375     4092.2644 0.043593794
7.3847656 4092.676  0.043610185
7.3945313 4095.9797 0.043684546
7.4042969 4097.7427 0.043707341
7.4140625 4105.9385 0.043800622
7.4238281 4112.5215 0.04389897
7.4335938 4122.3413 0.043934733
7.4433594 4128.1597 0.044021755
7.453125  4137.5947 0.04408434
7.4628906 4131.8286 0.044133965
7.4726563 4128.0156 0.044166446
7.4824219 4130.4058 0.044194013
7.4921875 4137.0361 0.044204887
7.5019531 4145.6406 0.044286251
7.5117188 4148.7285 0.04436582
7.5214844 4152.7139 0.044401884
7.53125   4165.0938 0.044501718
7.5410156 4174.644  0.044555362
7.5507813 4179.9302 0.044657882
7.5605469 4182.7603 0.044717342
7.5703125 4181.6118 0.044738799
7.5800781 4188.3784 0.044803318
7.5898438 4192.583  0.044856519
7.5996094 4192.9199 0.044922084
7.609375  4196.1597 0.044952631
7.6191406 4196.1323 0.045031756
7.6289063 4199.4399 0.045086145
7.6386719 4207.478  0.045124292
7.6484375 4217.3447 0.04514277
7.6582031 4226.4834 0.045247078
7.6679688 4227.5098 0.045335595
7.6777344 4228.6567 0.045395344
7.6875    4233.8086 0.045463592
7.6972656 4239.001  0.045474023
7.7070313 4242.3643 0.045547336
7.7167969 4245.1411 0.045547184
7.7265625 4250.7222 0.045661926
7.7363281 4254.7012 0.045690235
7.7460938 4257.4297 0.045770258
7.7558594 4266.0566 0.045775622
7.765625  4274.6606 0.045922399
7.7753906 4274.1387 0.045897812
7.7851563 4278.2632 0.046067834
7.7949219 4286.3315 0.046093613
7.8046875 4290.3115 0.0461188
7.8144531 4294.4043 0.04622519
7.8242188 4300.2212 0.046287924
7.8339844 4306.5635 0.046358258
7.84375   4317.7959 0.046428744
7.8535156 4316.0527 0.046494156
7.8632813 4320.6982 0.046552867
7.8730469 4328.605  0.046627823
7.8828125 4333.7695 0.046678036
7.8925781 4339.5293 0.046758953
7.9023438 4340.6987 0.046770126
7.9121094 4346.6973 0.046910048
7.921875  4346.0142 0.04693523
7.9316406 4344.9824 0.046975914
7.9414063 4345.5522 0.046945214
7.9511719 4349.27   0.047039241
7.9609375 4353.4736 0.04703775
7.9707031 4354.7524 0.047105998
7.9804688 4359.0317 0.047108531
7.9902344 4362.7192 0.047214627
8         4373.1772 0.047241598
8.0097656 4379.7334 0.047373623
8.0195313 4392.0684 0.047416385
8.0292969 4401.8022 0.047493871
8.0390625 4402.1626 0.047553778
8.0488281 4404.6816 0.047623366
8.0585938 4410.9302 0.047648549
8.0683594 4414.5107 0.047729611
8.078125  4417.2886 0.047805756
8.0878906 4421.9731 0.04785344
8.0976563 4431.9951 0.047968179
8.1074219 4440.5474 0.048018843
8.1171875 4443.6401 0.048071448
8.1269531 4442.061  0.048141781
8.1367188 4452.5879 0.048218518
8.1464844 4453.5845 0.048235655
8.15625   4452.7109 0.048246533
8.1660156 4459.7754 0.048396286
8.1757813 4467.6938 0.048421472
8.1855469 4469.854  0.048482865
8.1953125 4468.4307 0.04852891
8.2050781 4468.9092 0.048533827
8.2148438 4478.7661 0.04862234
8.2246094 4486.606  0.048685964
8.234375  4488.085  0.048726648
8.2441406 4490.1841 0.048769861
8.2539063 4495.644  0.048825145
8.2636719 4504.9482 0.048900396
8.2734375 4512.4971 0.04896671
8.2832031 4516.1011 0.049006492
8.2929688 4517.5703 0.049096648
8.3027344 4521.2319 0.049162507
8.3125    4523.2012 0.049162801
8.3222656 4526.897  0.049245358
8.3320313 4529.0479 0.049257278
8.3417969 4536.6777 0.049342066
8.3515625 4544.2495 0.049402863
8.3613281 4547.2183 0.049487501
8.3710938 4557.2563 0.049550682
8.3808594 4565.9204 0.049636666
8.390625  4572.6064 0.04970178
8.4003906 4570.166  0.049723536
8.4101563 4564.0522 0.049762279
8.4199219 4565.6548 0.049816221
8.4296875 4572.686  0.04983902
8.4394531 4580.4434 0.049947198
8.4492188 4583.3013 0.049963299
8.4589844 4593.9185 0.050061196
8.46875   4597.2769 0.050100237
8.4785156 4609.0098 0.050205294
8.4882813 4619.5435 0.050246414
8.4980469 4623.9844 0.050342679
8.5078125 4622.356  0.050396618
8.5175781 4618.2529 0.050410777
8.5273438 4620.022  0.050461292
8.5371094 4623.2407 0.05051747
8.546875  4628.2095 0.050550103
8.5566406 4634.3428 0.050624162
8.5664063 4637.3525 0.05069539
8.5761719 4636.311  0.050704479
8.5859375 4650.4937 0.050797015
8.5957031 4655.0967 0.050853491
8.6054688 4661.2715 0.050875545
8.6152344 4667.8149 0.050992075
8.625     4677.7935 0.051090121
8.6347656 4678.8208 0.051117834
8.6445313 4677.9287 0.05118683
8.6542969 4683.6953 0.051228255
8.6640625 4690.1323 0.051337782
8.6738281 4689.251  0.051304549
8.6835938 4695.0435 0.051401705
8.6933594 4707.147  0.051467117
8.703125  4710.8892 0.051558763
8.7128906 4710.772  0.051567253
8.7226563 4708.5122 0.051631037
8.7324219 4714.1533 0.051686764
8.7421875 4715.4526 0.051687211
8.7519531 4720.6265 0.051778406
8.7617188 4732.8687 0.051870648
8.7714844 4742.2988 0.051946491
8.78125   4746.7153 0.052000433
8.7910156 4743.3447 0.052053627
8.8007813 4744.0503 0.052043945
8.8105469 4742.7383 0.052087903
8.8203125 4747.7783 0.052165538
8.8300781 4756.8315 0.052227974
8.8398438 4771.2334 0.052371174
8.8496094 4776.0894 0.052384287
8.859375  4785.6675 0.052477121
8.8691406 4784.771  0.052520633
8.8789063 4789.5601 0.05261898
8.8886719 4789.564  0.052614808
8.8984375 4795.1787 0.052701384
8.9082031 4794.9272 0.05268231
8.9179688 4801.6797 0.052793622
8.9277344 4809.7725 0.052904934
8.9375    4821.3032 0.052911639
8.9472656 4823.7358 0.053008348
8.9570313 4828.4487 0.053060357
8.9667969 4828.1509 0.053107888
8.9765625 4829.376  0.053135753
8.9863281 4837.7861 0.053244233
8.9960938 4844.9453 0.053306222
9.0058594 4845.5356 0.053351372
9.015625  4842.686  0.053340197
9.0253906 4838.8765 0.053360015
9.0351563 4845.5317 0.053466409
9.0449219 4859.2974 0.053553581
9.0546875 4868.001  0.05364731
9.0644531 4871.7026 0.053702742
9.0742188 4879.9429 0.053762347
9.0839844 4882.8745 0.053802427
9.09375   4887.3301 0.053881709
9.1035156 4886.9077 0.053921193
9.1132813 4885.7725 0.053966194
9.1230469 4890.8433 0.054045469
9.1328125 4891.2954 0.054018799
9.1425781 4899.5894 0.054096729
9.1523438 4907.4668 0.054201484
9.1621094 4908.792  0.054239631
9.171875  4917.3706 0.054301023
9.1816406 4917.4546 0.054365993
9.1914063 4917.8599 0.054392815
9.2011719 4925.7852 0.054453164
9.2109375 4932.1572 0.054539744
9.2207031 4935.9014 0.054574903
9.2304688 4933.8535 0.054601431
9.2402344 4936.645  0.054636449
9.25      4942.8564 0.054733902
9.2597656 4948.8228 0.054772049
9.2695313 4954.5103 0.054818541
9.2792969 4962.4111 0.054889917
9.2890625 4965.5347 0.054966658
9.2988281 4969.6011 0.054981858
9.3085938 4974.1836 0.055072308
9.3183594 4981.3765 0.055143684
9.328125  4987.8931 0.055234879
9.3378906 4992.0161 0.055294339
9.3476563 4991.918  0.055318326
9.3574219 4998.5728 0.055375844
9.3671875 4998.7866 0.055397302
9.3769531 4996.6582 0.055467486
9.3867188 5007.8281 0.055549145
9.3964844 5012.1299 0.055622753
9.40625   5017.1616 0.055677589
9.4160156 5020.2222 0.055683549
9.4257813 5026.8115 0.055761337
9.4355469 5034.1372 0.055841058
9.4453125 5040.5869 0.055896193
9.4550781 5043.6299 0.055981427
9.4648438 5040.6514 0.056016892
9.4746094 5040.0415 0.05607143
9.484375  5045.3408 0.056100637
9.4941406 5050.6777 0.056148767
9.5039063 5063.6084 0.056272443
9.5136719 5062.1616 0.056298524
9.5234375 5067.833  0.056338459
9.5332031 5075.0718 0.056388378
9.5429688 5074.4609 0.056487322
9.5527344 5076.9849 0.05650118
9.5625    5079.4429 0.05654946
9.5722656 5085.5024 0.056614131
9.5820313 5099.9805 0.056712627
9.5917969 5104.2881 0.056782659
9.6015625 5105.1372 0.056821257
9.6113281 5111.2451 0.056900676
9.6210938 5119.6997 0.057003945
9.6308594 5122.3809 0.057041049
9.640625  5122.626  0.057078004
9.6503906 5121.0879 0.057171281
9.6601563 5128.2236 0.057183504
9.6699219 5139.1338 0.057258606
9.6796875 5139.207  0.057339367
9.6894531 5142.7129 0.057373047
9.6992188 5149.9346 0.057437271
9.7089844 5152.5718 0.057488829
9.71875   5160.3628 0.057542626
9.7285156 5160.7134 0.057578087
9.7382813 5164.2769 0.057673603
9.7480469 5169.0713 0.057700571
9.7578125 5174.0342 0.057767779
9.7675781 5180.269  0.057879239
9.7773438 5193.7969 0.05797952
9.7871094 5203.2329 0.058031529
9.796875  5204.4458 0.058130328
9.8066406 5209.2993 0.05817607
9.8164063 5213.9365 0.058265477
9.8261719 5208.5947 0.05828619
9.8359375 5206.9282 0.058317035
9.8457031 5208.6948 0.058345348
9.8554688 5213.813  0.058407634
9.8652344 5212.3716 0.058413595
9.875     5219.5322 0.058505088
9.8847656 5224.6846 0.058529075
9.8945313 5230.4463 0.058603138
9.9042969 5237.2183 0.058690459
9.9140625 5240.46   0.058714151
9.9238281 5247.3145 0.058755726
9.9335938 5242.6812 0.058785677
9.9433594 5242.4292 0.058850646
9.953125  5247.9629 0.058892518
9.9628906 5255.9565 0.058957338
9.9726563 5257.8652 0.058974028
9.9824219 5268.4282 0.059053153
9.9921875 5280.4312 0.059117824
10.001953 5283.0815 0.059210658
10.011719 5284.3999 0.05927071
10.021484 5291.0757 0.059340745

Data Acquisition                                            Time:     20.022461 s         4/20/2017 10:29:09 AM
Time      Ch 1 Force Ch 1 Displacement
s         lbf       in
10.03125  5303.5493 0.059415404
10.041016 5310.1123 0.05953997
10.050781 5317.377  0.059645921
10.060547 5318.6055 0.05966112
10.070313 5316.2227 0.059660524
10.080078 5312.4009 0.05973354
10.089844 5311.0278 0.059750382
10.099609 5320.147  0.059886128
10.109375 5329.1172 0.059871078
10.119141 5338.8413 0.059983283
10.128906 5339.3853 0.060033649
10.138672 5343.6846 0.060118135
10.148438 5345.3809 0.060129467
10.158203 5348.2197 0.060218271
10.167969 5354.3296 0.060261488
10.177734 5356.082  0.060298294
10.1875   5356.4307 0.060316771
10.197266 5356.2549 0.06033197
10.207031 5366.6768 0.060402304
10.216797 5375.3296 0.060520023
10.226563 5381.0215 0.060591999
10.236328 5382.5776 0.060679611
10.246094 5387.5957 0.060693327
10.255859 5387.3354 0.060711503
10.265625 5392.1172 0.060765442
10.275391 5400.3364 0.06090939
10.285156 5405.0181 0.060967509
10.294922 5410.0791 0.061003715
10.304688 5417.1299 0.061081499
10.314453 5423.2173 0.061198171
10.324219 5429.1997 0.061230063
10.333984 5425.959  0.06124422
10.34375  5424.6719 0.06129384
10.353516 5423.7197 0.061358362
10.363281 5426.6753 0.061354488
10.373047 5434.9272 0.061406344
10.382813 5437.7593 0.061517652
10.392578 5448.1929 0.061600953
10.402344 5454.8662 0.061638951
10.412109 5457.2988 0.061747726
10.421875 5462.0063 0.061720308
10.431641 5471.5591 0.061801672
10.441406 5472.9756 0.061888997
10.451172 5476.2974 0.061922375
10.460938 5473.5435 0.061975569
10.470703 5469.9844 0.061999258
10.480469 5470.7412 0.06205067
10.490234 5485.271  0.062144548
10.5      5496.7979 0.062212795
10.509766 5497.4473 0.062263608
10.519531 5496.3496 0.062339004
10.529297 5497.5464 0.06238237
10.539063 5510.2002 0.06239593
10.548828 5520.791  0.062485632
10.558594 5526.0205 0.06257683
10.568359 5530.1753 0.062620342
10.578125 5529.2881 0.062688738
10.587891 5531.5005 0.062722862
10.597656 5541.1567 0.062793046
10.607422 5543.0654 0.062847435
10.617188 5542.6846 0.062945187
10.626953 5540.3716 0.062934756
10.636719 5544.0645 0.062988549
10.646484 5547.4746 0.063049793
10.65625  5557.1499 0.063100755
10.666016 5562.0059 0.063190013
10.675781 5563.5518 0.063274056
10.685547 5565.6001 0.063282102
10.695313 5569.1963 0.063306838
10.705078 5573.894  0.063388944
10.714844 5584.4849 0.06350413
10.724609 5585.6201 0.06351769
10.734375 5590.3999 0.063618273
10.744141 5595.1577 0.063656121
10.753906 5606.3745 0.063735694
10.763672 5606.1147 0.063800216
10.773438 5610.8809 0.063788295
10.783203 5617.3394 0.063916594
10.792969 5620.0254 0.063946098
10.802734 5628.7944 0.064050257
10.8125   5631.1934 0.064096004
10.822266 5631.376  0.064189434
10.832031 5633.2539 0.064181983
10.841797 5635.4883 0.064258128
10.851563 5634.5977 0.064326823
10.861328 5636.021  0.064314753
10.871094 5644.4502 0.064400136
10.880859 5647.9771 0.064461827
10.890625 5646.6719 0.064490885
10.900391 5649.2007 0.064550638
10.910156 5656.248  0.064582229
10.919922 5661.6729 0.064674765
10.929688 5666.9307 0.064750463
10.939453 5676.0615 0.064824522
10.949219 5683.209  0.064880848
10.958984 5691.2148 0.064969957
10.96875  5692.2695 0.064989924
10.978516 5691.4209 0.065030158
10.988281 5696.5635 0.065120608
10.998047 5707.5469 0.065228939
11.007813 5714.6182 0.065266788
11.017578 5710.0815 0.065271109
11.027344 5715.3921 0.065418333
11.037109 5724.2988 0.065460801
11.046875 5728.4507 0.065545887
11.056641 5733.0967 0.065548271
11.066406 5731.501  0.065628439
11.076172 5731.5635 0.065728426
11.085938 5730.9932 0.065680146
11.095703 5739.3589 0.065775514
11.105469 5735.6963 0.065795928
11.115234 5739.8096 0.065832585
11.125    5748.5762 0.065907836
11.134766 5755      0.066004694
11.144531 5756.5034 0.066045523
11.154297 5763.8779 0.0661318
11.164063 5766.6304 0.066141486
11.173828 5769.9873 0.066215694
11.183594 5774.7246 0.066289008
11.193359 5778.6738 0.066337436
11.203125 5787.3521 0.066420436
11.212891 5790.3843 0.066463798
11.222656 5790.8647 0.066517889
11.232422 5793.7959 0.066574365
11.242188 5797.7002 0.066596866
11.251953 5799.9736 0.066652596
11.261719 5802.9072 0.066747069
11.271484 5805.5835 0.066744387
11.28125  5811.1606 0.066825002
11.291016 5816.4199 0.066923946
11.300781 5824.4775 0.06695345
11.310547 5828.7822 0.067052841
11.320313 5833.4399 0.06712541
11.330078 5833.4722 0.067144334
11.339844 5836.7451 0.067177564
11.349609 5838.0225 0.067251772
11.359375 5838.2915 0.067314655
11.369141 5840.9014 0.067343861
11.378906 5844.9614 0.067407042
11.388672 5852.7593 0.067437738
11.398438 5860.9541 0.067546666
11.408203 5865.957  0.067585558
11.417969 5876.5449 0.067715794
11.427734 5882.0059 0.067768693
11.4375   5880.4854 0.067825317
11.447266 5879.0352 0.067896992
11.457031 5884.7383 0.067960322
11.466797 5887.3481 0.067993999
11.476563 5880.7285 0.067994744
11.486328 5879.2002 0.068045557
11.496094 5881.6899 0.068041235
11.505859 5888.2495 0.068094879
11.515625 5895.8125 0.068224519
11.525391 5902.9111 0.068281442
11.535156 5905.2656 0.068341196
11.544922 5912.3379 0.068397671
11.554688 5918.0864 0.068469495
11.564453 5924.8481 0.068538785
11.574219 5927.6226 0.068587065
11.583984 5932.0361 0.068632513
11.59375  5934.208  0.068684965
11.603516 5936.2593 0.068754256
11.613281 5942.7583 0.068837553
11.623047 5946.022  0.068894029
11.632813 5945.9697 0.06894514
11.642578 5946.4956 0.068936646
11.652344 5948.0146 0.068987459
11.662109 5947.8975 0.069041848
11.671875 5960.8599 0.069146901
11.681641 5968.042  0.069277138
11.691406 5970.0205 0.069283396
11.701172 5967.0098 0.069327503
11.710938 5971.8472 0.069399178
11.720703 5981.4902 0.069469362
11.730469 5984.8501 0.069509
11.740234 5985.458  0.069537163
11.75     5984.4546 0.069605708
11.759766 5990.1797 0.069683194
11.769531 5996.4434 0.069712102
11.779297 5995.4351 0.069754124
11.789063 5994.3862 0.069799125
11.798828 5994.9785 0.069792718
11.808594 5997.3555 0.069845766
11.818359 6001.7866 0.069928467
11.828125 6009.2837 0.069998801
11.837891 6015.1494 0.070034117
11.847656 6019.8652 0.070099831
11.857422 6027.8052 0.070182234
11.867188 6034.1558 0.070246607
11.876953 6040.0239 0.070339888
11.886719 6045.3945 0.070394725
11.896484 6043.7661 0.070458651
11.90625  6043.3369 0.070529133
11.916016 6048.7637 0.070554316
11.925781 6057.5352 0.070678145
11.935547 6060.3403 0.070738792
11.945313 6059.4771 0.070762634
11.955078 6057.0737 0.070797354
11.964844 6066.439  0.070862621
11.974609 6065.6211 0.070902854
11.984375 6068.9937 0.070970356
11.994141 6072.353  0.071007013
12.003906 6077.5586 0.071098953
12.013672 6081.9731 0.071190149
12.023438 6084.0269 0.071187019
12.033203 6084.7026 0.071193576
12.042969 6088.2148 0.071277171
12.052734 6097.1255 0.071380287
12.0625   6104.0181 0.071472973
12.072266 6109.146  0.071521103
12.082031 6107.1831 0.071543753
12.091797 6106.1606 0.071572661
12.101563 6112.5967 0.071690679
12.111328 6119.4282 0.071730465
12.121094 6122.666  0.071804971
12.130859 6132.4834 0.071910024
12.140625 6136.9551 0.071961731
12.150391 6139.062  0.072030574
12.160156 6139.3379 0.072056204
12.169922 6144.2188 0.072127134
12.179688 6151.5381 0.072229803
12.189453 6153.9385 0.072291195
12.199219 6158.8755 0.072346628
12.208984 6155.9917 0.072392076
12.21875  6151.3677 0.072431266
12.228516 6153.9458 0.072475523
12.238281 6153.7593 0.072484612
12.248047 6159.8652 0.072567016
12.257813 6173.4229 0.072678924
12.267578 6169.5137 0.072723478
12.277344 6169.5508 0.072733909
12.287109 6173.2969 0.072779953
12.296875 6176.5337 0.072883666
12.306641 6184.0498 0.072972924
12.316406 6191.603  0.07299751
12.326172 6191.8857 0.073032677
12.335938 6191.3296 0.073099881
12.345703 6194.5146 0.073153675
12.355469 6194.8257 0.07320866
12.365234 6199.293  0.073219836
12.375    6202.4219 0.073298067
12.384766 6217.7686 0.073445737
12.394531 6219.0693 0.0734891
12.404297 6216.2236 0.073498338
12.414063 6222.3696 0.073596388
12.423828 6230.0181 0.07366091
12.433594 6228.7432 0.073724836
12.443359 6227.2021 0.073773265
12.453125 6236.7993 0.073813945
12.462891 6241.5801 0.073914528
12.472656 6245.9238 0.073996633
12.482422 6244.502  0.074017495
12.492188 6244.8315 0.074094832
12.501953 6245.7207 0.074140131
12.511719 6242.8096 0.074130744
12.521484 6240.5894 0.074181408
12.53125  6248.9238 0.074251741
12.541016 6264.749  0.074329376
12.550781 6265.1299 0.074354261
12.560547 6268.7949 0.074461102
12.570313 6274.4683 0.074568987
12.580078 6281.5825 0.074607134
12.589844 6281.2803 0.07465452
12.599609 6274.7876 0.074649304
12.609375 6276.5    0.074738264
12.619141 6278.0493 0.074781179
12.628906 6288.1519 0.074813217
12.638672 6290.3623 0.074906498
12.648438 6303.1133 0.074993372
12.658203 6304.7612 0.075074881
12.667969 6304.6245 0.075071305
12.677734 6313.8306 0.075166374
12.6875   6314.9204 0.075214207
12.697266 6317.1445 0.075317621
12.707031 6325.6685 0.075376183
12.716797 6332.7559 0.075491071
12.726563 6332.6973 0.075519681
12.736328 6331.897  0.075549632
12.746094 6330.187  0.075630993
12.755859 6329.7158 0.075679719
12.765625 6332.1855 0.075698197
12.775391 6329.458  0.075730979
12.785156 6328.416  0.075763464
12.794922 6334.3428 0.075877011
12.804688 6335.0112 0.075899512
12.814453 6338.8511 0.075943768
12.824219 6343.5693 0.076004267
12.833984 6345.8481 0.076058656
12.84375  6353.6318 0.076126903
12.853516 6359.1924 0.076215714
12.863281 6360.8257 0.076243132
12.873047 6368.8296 0.076316446
12.882813 6366.8911 0.076363683
12.892578 6365.5732 0.076427758
12.902344 6369.7134 0.076446235
12.912109 6374.0552 0.076552182
12.921875 6373.374  0.076561868
12.931641 6384.9404 0.07667169
12.941406 6396.0425 0.076720417
12.951172 6397.061  0.076790303
12.960938 6396.2446 0.076846778
12.970703 6397.1035 0.076880157
12.980469 6395.9531 0.076951236
12.990234 6403.1035 0.077038109
13        6405.833  0.077076256
13.009766 6408.6597 0.077136457
13.019531 6407.8481 0.077197254
13.029297 6409.9966 0.077227354
13.039063 6415.8726 0.077280551
13.048828 6419.5078 0.077368766
13.058594 6418.9688 0.077424198
13.068359 6418.8193 0.077489167
13.078125 6423.6431 0.077498108
13.087891 6421.7773 0.077609569
13.097656 6420.1284 0.077587068
13.107422 6426.7544 0.077679306
13.117188 6440.0957 0.077806711
13.126953 6446.9648 0.07786721
13.136719 6444.2842 0.077928305
13.146484 6449.1553 0.077977329
13.15625  6451.3726 0.078068078
13.166016 6457.2686 0.078091025
13.175781 6457.397  0.078121126
13.185547 6464.4429 0.078256577
13.195313 6463.0278 0.07826969
13.205078 6459.9355 0.078319609
13.214844 6464.042  0.078345984
13.224609 6468.874  0.078450888
13.234375 6473.5317 0.078508705
13.244141 6472.3628 0.078567713
13.253906 6471.8301 0.078626424
13.263672 6474.0557 0.078673363
13.273438 6477.0684 0.078701377
13.283203 6483.7939 0.078799278
13.292969 6482.1348 0.078821629
13.302734 6484.0498 0.078912385
13.3125   6485.374  0.078984946
13.322266 6491.9077 0.079019219
13.332031 6496.4341 0.079088956
13.341797 6500.8945 0.079150498
13.351563 6508.0801 0.079250336
13.361328 6505.689  0.079266876
13.371094 6506.0249 0.079320967
13.380859 6509.7764 0.079388916
13.390625 6511.1797 0.079432875
13.400391 6521.9556 0.079523176
13.410156 6521.187  0.079592168
13.419922 6517.3643 0.079645663
13.429688 6521.8472 0.079724491
13.439453 6526.374  0.079774253
13.449219 6534.3457 0.07983759
13.458984 6539.7173 0.079899281
13.46875  6540.2695 0.080008805
13.478516 6539.2446 0.08005783
13.488281 6535.1445 0.080079287
13.498047 6531.8315 0.080103725
13.507813 6531.1821 0.080154546
13.517578 6535.5171 0.080167204
13.527344 6541.7427 0.080262423
13.537109 6541.3979 0.080314875
13.546875 6538.8013 0.080312937
13.556641 6539.6846 0.080363005
13.566406 6540.9722 0.080390275
13.576172 6555.999  0.080572069
13.585938 6557.3682 0.080604255
13.595703 6560.6616 0.080695003
13.605469 6567.0107 0.080775768
13.615234 6572.3677 0.080839843
13.625    6567.5176 0.080850273
13.634766 6562.4131 0.080841333
13.644531 6566.2163 0.080914497
13.654297 6571.1411 0.08099556
13.664063 6579.0884 0.081048012
13.673828 6587.8467 0.081162155
13.683594 6590.3301 0.081239939
13.693359 6596.1885 0.081305504
13.703125 6590.8169 0.08134827
13.712891 6585.1807 0.081371069
13.722656 6580.6694 0.081397295
13.732422 6583.8579 0.081434995
13.742188 6588.5396 0.081479847
13.751953 6598.2607 0.081592053
13.761719 6599.248  0.081677586
13.771484 6597.4102 0.081662387
13.78125  6601.9048 0.081745535
13.791016 6606.3647 0.081865638
13.800781 6607.6992 0.081867129
13.810547 6610.2993 0.081950277
13.820313 6615.4053 0.082027465
13.830078 6613.0215 0.082053393
13.839844 6612.8057 0.082114786
13.849609 6617.7407 0.082165748
13.859375 6619.6948 0.082260817
13.869141 6620.1958 0.08225888
13.878906 6627.5508 0.082378536
13.888672 6634.3716 0.082439482
13.898438 6631.6899 0.082483441
13.908203 6631.9399 0.082554966
13.917969 6635.0718 0.082605034
13.927734 6636.4746 0.08264602
13.9375   6637.0234 0.0827007
13.947266 6641.8091 0.082807094
13.957031 6647.0664 0.08282572
13.966797 6644.75   0.082879961
13.976563 6642.3115 0.082934052
13.986328 6643.5264 0.082982779
13.996094 6637.1226 0.082991727
14.005859 6641.0078 0.083034933
14.015625 6639.5684 0.083070695
14.025391 6645.1235 0.083191395
14.035156 6659.4746 0.083301514
14.044922 6667.5439 0.083393447
14.054688 6668.7261 0.083421916
14.064453 6667.4175 0.083505362
14.074219 6668.686  0.083559901
14.083984 6666.4043 0.0836052
14.09375  6663.4648 0.083687007
14.103516 6663.4126 0.083695352
14.113281 6662.2788 0.083729774
14.123047 6661.3247 0.083762556
14.132813 6662.459  0.083839148
14.142578 6667.1235 0.083872668
14.152344 6672.6079 0.083955377
14.162109 6674.7378 0.083989494
14.171875 6677.6343 0.084027052
14.181641 6679.8711 0.084138364
14.191406 6683.8179 0.084182322
14.201172 6692.479  0.084278136
14.210938 6693.3115 0.084331639
14.220703 6689.936  0.084361732
14.230469 6687.4165 0.08436799
14.240234 6688.1455 0.08443594
14.25     6696.7422 0.084495544
14.259766 6703.5771 0.084633976
14.269531 6706.9829 0.084670193
14.279297 6713.8125 0.084743947
14.289063 6712.6113 0.084822029
14.298828 6709.1162 0.084786117
14.308594 6712.3267 0.084915161
14.318359 6717.3364 0.084965974
14.328125 6715.3799 0.084984004
14.337891 6720.7207 0.085085042
14.347656 6720.7573 0.085171312
14.357422 6723.0156 0.085196346
14.367188 6729.4307 0.085326135
14.376953 6734.2163 0.085343122
14.386719 6736.3735 0.085444897
14.396484 6734.6592 0.085485429
14.40625  6737.4146 0.085569471
14.416016 6738.6968 0.085605972
14.425781 6738.1997 0.08564502
14.435547 6739.3457 0.085670054
14.445313 6740.7227 0.08574605
14.455078 6744.9492 0.08580789
14.464844 6745.2568 0.085912943
14.474609 6755.8311 0.086009949
14.484375 6758.5356 0.086052865
14.494141 6752.811  0.086077601
14.503906 6745.0566 0.086077601
14.513672 6739.9463 0.086059719
14.523438 6744.3701 0.086151361
14.533203 6749.1953 0.086247317
14.542969 6753.1309 0.086304396
14.552734 6765.917  0.086362213
14.5625   6775.5181 0.086489618
14.572266 6775.0552 0.086545199
14.582031 6770.728  0.086586475
14.591797 6772.5586 0.086612552
14.601563 6773.8433 0.086688995
14.611328 6776.0898 0.086729825
14.621094 6770.9321 0.086748451
14.630859 6770.2788 0.086815804
14.640625 6774.3784 0.08686021
14.650391 6778.252  0.086930096
14.660156 6782.9155 0.086985677
14.669922 6785.2046 0.087039024
14.679688 6786.7783 0.087064207
14.689453 6790.1074 0.087172687
14.699219 6795.2988 0.087203234
14.708984 6799.9863 0.08731664
14.71875  6797.0518 0.087340482
14.728516 6800.1172 0.087368041
14.738281 6805.0723 0.087432563
14.748047 6803.7427 0.08752346
14.757813 6811.8979 0.087602288
14.767578 6814.8706 0.087673217
14.777344 6819.4502 0.087735355
14.787109 6823.646  0.087798387
14.796875 6820.4746 0.08787781
14.806641 6820.1128 0.087897629
14.816406 6818.6753 0.087979734
14.826172 6810.8481 0.087949485
14.835938 6816.3291 0.088023536
14.845703 6822.3013 0.088092238
14.855469 6826.9077 0.088189095
14.865234 6826.5674 0.088248104
14.875    6830.6904 0.088271052
14.884766 6835.604  0.088372834
14.894531 6838.0205 0.088410079
14.904297 6837.8086 0.088440478
14.914063 6840.6157 0.088511258
14.923828 6842.8081 0.088541657
14.933594 6851.5068 0.088653862
14.943359 6853.6436 0.088733435
14.953125 6848.9741 0.088779323
14.962891 6847.7803 0.088814497
14.972656 6847.0884 0.088880666
14.982422 6854.5591 0.088939369
14.992188 6861.4614 0.088959634
15.001953 6865.4302 0.089063197
15.011719 6861.9141 0.089043379
15.021484 6865.2832 0.089166313
15.03125  6864.2144 0.089230984
15.041016 6866.2529 0.089265555
15.050781 6875.7275 0.08935377
15.060547 6881.9072 0.089445263
15.070313 6879.4409 0.089467615
15.080078 6876.8071 0.089508593
15.089844 6879.8804 0.089544058
15.099609 6884.7598 0.089616477
15.109375 6887.5195 0.089705735
15.119141 6885.3574 0.089756548
15.128906 6884.9194 0.089802295
15.138672 6891.2959 0.089820176
15.148438 6901.5488 0.089958012
15.158203 6893.4028 0.090014189
15.167969 6889.0537 0.089991838
15.177734 6893.666  0.090077817
15.1875   6899.7578 0.090141147
15.197266 6904.6504 0.090231895
15.207031 6910.1787 0.090278536
15.216797 6906.228  0.090349019
15.226563 6910.127  0.090384334
15.236328 6911.0601 0.090454519
15.246094 6909.3262 0.090481043
15.255859 6919.1201 0.090592951
15.265625 6928.0112 0.090652704
15.275391 6928.7729 0.090707988
15.285156 6931.0469 0.090821236
15.294922 6932.0562 0.09083584
15.304688 6928.791  0.09089008
15.314453 6932.0293 0.090920925
15.324219 6931.8013 0.09101063
15.333984 6932.1489 0.091044605
15.34375  6930.7104 0.091069192
15.353516 6932.5518 0.0911218
15.363281 6938.1304 0.091218799
15.373047 6937.3984 0.091266185
15.382813 6937.2725 0.091352165
15.392578 6947.7642 0.091423094
15.402344 6947.1035 0.091426075
15.412109 6943.8193 0.091444843
15.421875 6952.709  0.09153083
15.431641 6961.481  0.091653019
15.441406 6959.0444 0.091730505
15.451172 6955.021  0.091733329
15.460938 6953.6968 0.091761351
15.470703 6955.8716 0.091808736
15.480469 6955.7852 0.091822751
15.490234 6964.207  0.091932714
15.5      6969.6074 0.091984876
15.509766 6975.4673 0.092100054
15.519531 6979.7852 0.092153549
15.529297 6981.4712 0.092192888
15.539063 6982.875  0.092287958
15.548828 6981.3687 0.092314035
15.558594 6983.8916 0.092416853
15.568359 6991.0322 0.092489116
15.578125 6992.9526 0.092525482
15.587891 6994.1211 0.092607439
15.597656 6989.4106 0.092684329
15.607422 6991.8062 0.092719644
15.617188 6997.6807 0.09278059
15.626953 7000.3799 0.092899948
15.636719 6990.8594 0.092823803
15.646484 6986.1167 0.092858665
15.65625  6989.7236 0.092918128
15.666016 6998.3252 0.093037479
15.675781 6998.2158 0.0930655
15.685547 6994.1655 0.093050607
15.695313 6999.7524 0.093140751
15.705078 7006.9126 0.093219429
15.714844 7008.5371 0.093268454
15.724609 7010.123  0.093339682
15.734375 7020.9707 0.093399435
15.744141 7028.249  0.093514174
15.753906 7030.3638 0.093569905
15.763672 7032.8008 0.093660958
15.773438 7032.6836 0.093726069
15.783203 7025.1558 0.093763322
15.792969 7022.8887 0.093814433
15.802734 7025.0117 0.093834698
15.8125   7024.0586 0.093906224
15.822266 7017.728  0.093935877
15.832031 7026.9429 0.094004422
15.841797 7036.4336 0.094105452
15.851563 7034.6392 0.094147332
15.861328 7032.7246 0.094165951
15.871094 7036.0049 0.094260275
15.880859 7038.0869 0.094292909
15.890625 7035.8667 0.094375461
15.900391 7032.4302 0.094371445
15.910156 7034.7998 0.094432682
15.919922 7035.5474 0.094465762
15.929688 7036.2056 0.094553083
15.939453 7044.1206 0.094578564
15.949219 7052.6426 0.09469986
15.958984 7053.7891 0.094731599
15.96875  7057.2041 0.094808638
15.978516 7059.6851 0.09487316
15.988281 7061.0244 0.094964951
15.998047 7065.563  0.094989687
16.007813 7071.7339 0.095107406
16.017578 7073.4458 0.095177144
16.027344 7066.0454 0.095207542
16.037109 7067.1899 0.095233768
16.046875 7070.7656 0.095334947
16.056641 7067.3027 0.09539067
16.066406 7064.6797 0.095423162
16.076172 7064.9238 0.095454603
16.085938 7064.1675 0.095510185
16.095703 7065.2505 0.095555782
16.105469 7068.5576 0.095596611
16.115234 7078.4941 0.095756501
16.125    7083.6958 0.095829666
16.134766 7080.7358 0.095854998
16.144531 7088.1392 0.09593188
16.154297 7090.2354 0.096028596
16.164063 7085.083  0.096039027
16.173828 7081.7642 0.096077919
16.183594 7081.708  0.096134394
16.193359 7080.0142 0.096116513
16.203125 7077.6704 0.096189082
16.212891 7084.0151 0.096282959
16.222656 7092.5815 0.096366704
16.232422 7093.2598 0.096417218
16.242188 7089.0088 0.096430175
16.251953 7093.2822 0.096532404
16.261719 7099.7695 0.096627027
16.271484 7105.4463 0.096709877
16.28125  7105.269  0.096726716
16.291016 7101.9663 0.096765459
16.300781 7104.6279 0.096826404
16.310547 7102.5625 0.096857101
16.320313 7094.6338 0.096889146
16.330078 7093.1318 0.096903592
16.339844 7099.9087 0.096997172
16.349609 7103.5723 0.09705469
16.359375 7100.229  0.09710744
16.369141 7102.5278 0.097203106
16.378906 7109.375  0.097260326
16.388672 7116.3481 0.097296536
16.398438 7122.2456 0.097384006
16.408203 7117.5054 0.097407103
16.417969 7118.2012 0.097511418
16.427734 7121.2534 0.097527951
16.4375   7128.3545 0.097644031
16.447266 7135.6479 0.09769842
16.457031 7138.5713 0.097825527
16.466797 7142.8511 0.097915828
16.476563 7143.1221 0.097943246
16.486328 7137.1709 0.097974241
16.496094 7133.9873 0.098043978
16.505859 7127.8203 0.098059781
16.515625 7131.4209 0.098088533
16.525391 7130.832  0.098182112
16.535156 7126.7168 0.098186731
16.544922 7131.061  0.098243952
16.554688 7135.272  0.098332167
16.564453 7143      0.098396242
16.574219 7148.7939 0.098469108
16.583984 7148.855  0.098550469
16.59375  7148.9233 0.098591149
16.603516 7145.0288 0.098648965
16.613281 7149.3125 0.098714225
16.623047 7154.5439 0.09877488
16.632813 7153.5288 0.098849684
16.642578 7156.0034 0.09893626
16.652344 7155.5645 0.09896487
16.662109 7151.0625 0.099021941
16.671875 7146.6177 0.099035054
16.681641 7149.0005 0.099171847
16.691406 7148.2515 0.099135488
16.701172 7150.0474 0.099239796
16.710938 7153.7554 0.099259764
16.720703 7159.186  0.099352747
16.730469 7161.9536 0.09941414
16.740234 7160.4121 0.099469423
16.75     7161.3931 0.099504739
16.759766 7158.9331 0.099541247
16.769531 7163.0352 0.09961158
16.779297 7166.0361 0.099690706
16.789063 7164.8794 0.099747032
16.798828 7161.5239 0.099781603
16.808594 7159.6963 0.099853866
16.818359 7162.0479 0.099886067
16.828125 7165.8101 0.099957287
16.837891 7167.3618 0.10000572
16.847656 7175.8823 0.10010749
16.857422 7179.3628 0.10014802
16.867188 7185.4624 0.10022327
16.876953 7190.4009 0.1003325
16.886719 7185.9497 0.10039076
16.896484 7181.9053 0.10039984
16.90625  7181.103  0.10051876
16.916016 7176.7734 0.1004909
16.925781 7182.2246 0.1005654
16.935547 7181.9878 0.10064378
16.945313 7176.1885 0.10066181
16.955078 7174.9009 0.10074228
16.964844 7183.9111 0.10077893
16.974609 7190.334  0.10088831
16.984375 7197.5078 0.10099888
16.994141 7194.0483 0.10102496
17.003906 7189.4922 0.10105938
17.013672 7193.2227 0.1011312
17.023438 7198.2056 0.10121614
17.033203 7195.7153 0.10122954
17.042969 7190.5068 0.10127306
17.052734 7188.6079 0.10131672
17.0625   7187.4648 0.10137722
17.072266 7190.8027 0.10143995
17.082031 7196.0088 0.10152355
17.091797 7192.3096 0.10154128
17.101563 7197.4219 0.10161355
17.111328 7205.8564 0.10166585
17.121094 7207.561  0.10175824
17.130859 7201.8691 0.1018098
17.140625 7204.1958 0.10186911
17.150391 7208.6245 0.10195255
17.160156 7206.8306 0.10197163
17.169922 7207.7944 0.10205433
17.179688 7202.9722 0.10206535
17.189453 7204.4482 0.10212287
17.199219 7204.8149 0.10214299
17.208984 7215.1592 0.1022768
17.21875  7221.7344 0.10236248
17.228516 7224.5967 0.10238782
17.238281 7224.3877 0.10247633
17.248047 7219.4761 0.10252371
17.257813 7218.1807 0.10259032
17.267578 7222.7549 0.10264158
17.277344 7221.0732 0.10269403
17.287109 7220.3452 0.10276094
17.296875 7224.8628 0.10282114
17.306641 7228.5596 0.10291904
17.316406 7222.6606 0.10294884
17.326172 7220.8569 0.10299757
17.335938 7221.9907 0.10305227
17.345703 7218.7524 0.10310635
17.355469 7216.4526 0.1031132
17.365234 7220.3921 0.10313913
17.375    7226.0161 0.10324836
17.384766 7226.353  0.10328531
17.394531 7223.0542 0.10339811
17.404297 7230.2593 0.10343328
17.414063 7238.2573 0.10350526
17.423828 7231.2808 0.1035601
17.433594 7227.3721 0.10354117
17.443359 7228.6191 0.10364324
17.453125 7234.3906 0.10370731
17.462891 7236.2539 0.10378777
17.472656 7242.3018 0.10389373
17.482422 7246.0474 0.10396451
17.492188 7245.7036 0.1040034
17.501953 7243.2666 0.10405257
17.511719 7239.0444 0.10415732
17.521484 7240.0332 0.10419011
17.53125  7239.8481 0.10424837
17.541016 7236.0801 0.10426387
17.550781 7237.2661 0.10438219
17.560547 7236.7944 0.1044023
17.570313 7239.2451 0.10449573
17.580078 7237.7041 0.10453224
17.589844 7239.0762 0.10461554
17.599609 7241.0752 0.10470361
17.609375 7238.5615 0.10471076
17.619141 7239.4448 0.10474846
17.628906 7234.5884 0.10479406
17.638672 7226.3525 0.10482714
17.648438 7221.542  0.10488376
17.658203 7226.2896 0.10495707
17.667969 7236.4375 0.10506183
17.677734 7234.5986 0.1050666
17.6875   7237.5508 0.10513827
17.697266 7239.5962 0.105187
17.707031 7239.6748 0.10528684
17.716797 7240.1567 0.10528625
17.726563 7239.21   0.10537386
17.736328 7240.8018 0.10543004
17.746094 7240.6104 0.10547489
17.755859 7236.8662 0.10553061
17.765625 7235.2808 0.10559142
17.775391 7236.7617 0.10566726
17.785156 7237.1362 0.10567904
17.794922 7242.834  0.10576309
17.804688 7245.5723 0.10584161
17.814453 7240.9819 0.1059185
17.824219 7242.7949 0.1059626
17.833984 7248.3184 0.10602504
17.84375  7250.3433 0.10609731
17.853516 7249.3989 0.10614052
17.863281 7243.4834 0.10621265
17.873047 7247.7085 0.10629669
17.882813 7245.4551 0.10633111
17.892578 7241.5229 0.1063855
17.902344 7240.7891 0.10640651
17.912109 7245.0098 0.10650083
17.921875 7249.4297 0.10661393
17.931641 7244.8237 0.10663687
17.941406 7239.6055 0.10668203
17.951172 7240.7817 0.10675952
17.960938 7244.9233 0.10681242
17.970703 7242.7031 0.10684967
17.980469 7238.6045 0.10688201
17.990234 7234.5327 0.10696188
18        7229.8203 0.10697827
18.009766 7234.4248 0.10702997
18.019531 7233.3784 0.10710791
18.029297 7232.9043 0.10715186
18.039063 7234.6304 0.10717154
18.048828 7238.4307 0.10732874
18.058594 7239.915  0.10733083
18.068359 7239.4697 0.10739684
18.078125 7241.5093 0.10744765
18.087891 7242.7681 0.10750994
18.097656 7247.5112 0.10764465
18.107422 7245.5415 0.1077047
18.117188 7239.7598 0.10770604
18.126953 7234.2524 0.10768563
18.136719 7233.6528 0.10779232
18.146484 7236.6152 0.10786489
18.15625  7238.0884 0.10792449
18.166016 7238.3232 0.10797888
18.175781 7241.7793 0.10804608
18.185547 7241.3848 0.1081492
18.195313 7239.4492 0.10819808
18.205078 7241.5244 0.10821149
18.214844 7249.4443 0.10832176
18.224609 7251.7051 0.10841563
18.234375 7244.3228 0.10844782
18.244141 7241.9355 0.10848106
18.253906 7240.2642 0.10856212
18.263672 7237.4072 0.10861024
18.273438 7234.5225 0.10864511
18.283203 7241.6514 0.10874391
18.292969 7249.7349 0.10882571
18.302734 7250.9907 0.10891914
18.3125   7254.77   0.10900021
18.322266 7245.8735 0.10906592
18.332031 7238.0239 0.10908008
18.341797 7229.3848 0.1091294
18.351563 7229.8213 0.10915309
18.361328 7230.2148 0.1092656
18.371094 7236.7266 0.10928556
18.380859 7235.7061 0.10935277
18.390625 7234.5859 0.10940924
18.400391 7233.8594 0.10946944
18.410156 7232.2197 0.10954529
18.419922 7233.0405 0.10957375
18.429688 7232.0903 0.10968342
18.439453 7226.5815 0.10967657
18.449219 7226.2041 0.10972322
18.458984 7225.1812 0.1097983
18.46875  7223.0874 0.10979652
18.478516 7228.21   0.10985791
18.488281 7226.9751 0.10993123
18.498047 7223.3345 0.10999158
18.507813 7226.1938 0.11004671
18.517578 7225.0566 0.11007383
18.527344 7224.127  0.11014536
18.537109 7226.1318 0.110199
18.546875 7234.0371 0.11031911
18.556641 7238.4175 0.11040285
18.566406 7243.7705 0.11051014
18.576172 7243.4673 0.11052474
18.585938 7235.9282 0.11058345
18.595703 7231.8271 0.11064097
18.605469 7228.7871 0.11074468
18.615234 7230.7603 0.11076719
18.625    7226.8916 0.11081845
18.634766 7222.3491 0.11085823
18.644531 7216.709  0.11091352
18.654297 7218.9248 0.11096805
18.664063 7225.7563 0.11103377
18.673828 7226.7051 0.11112035
18.683594 7223.1294 0.11117205
18.693359 7218.4087 0.1112093
18.703125 7218.5752 0.11126652
18.712891 7223.3242 0.11131451
18.722656 7225.269  0.11140168
18.732422 7219.4497 0.11142731
18.742188 7214.521  0.11149928
18.751953 7213.0205 0.11156082
18.761719 7216.9575 0.11157602
18.771484 7214.3857 0.11166215
18.78125  7210.0542 0.11167914
18.791016 7207.6948 0.1117003
18.800781 7214.7544 0.11178344
18.810547 7216.2808 0.11187211
18.820313 7213.9888 0.11190698
18.830078 7216.9912 0.11196151
18.839844 7217.6743 0.11209533
18.849609 7220.335  0.11211157
18.859375 7217.0254 0.11217594
18.869141 7215.2329 0.11222824
18.878906 7211.4941 0.11229202
18.888672 7212.5513 0.11235714
18.898438 7211.3789 0.11240348
18.908203 7213.2358 0.11247158
18.917969 7216.2769 0.11254907
18.927734 7215.9639 0.11257395
18.9375   7215.9482 0.11268482
18.947266 7212.8618 0.11272162
18.957031 7207.7085 0.1127623
18.966797 7211.043  0.1128456
18.976563 7212.5864 0.11294261
18.986328 7211.1533 0.11301801
18.996094 7205.0234 0.11299983
19.005859 7196.4805 0.11301979
19.015625 7195.814  0.11311531
19.025391 7196.3081 0.11314675
19.035156 7198.4204 0.11320099
19.044922 7195.8594 0.11326551
19.054688 7198.0044 0.11331812
19.064453 7201.8315 0.11340186
19.074219 7208.1948 0.11351407
19.083984 7207.5635 0.11360034
19.09375  7206.1812 0.11366889
19.103516 7204.8101 0.11370763
19.113281 7199.7188 0.11377811
19.123047 7193.7173 0.11381984
19.132813 7185.502  0.11379242
19.142578 7178.7695 0.11388376
19.152344 7176.7012 0.11387736
19.162109 7176.0098 0.11394173
19.171875 7174.2012 0.11397347
19.181641 7177.479  0.11404306
19.191406 7186.8579 0.11418059
19.201172 7187.9766 0.11420101
19.210938 7182.8208 0.11426121
19.220703 7181.8516 0.11435315
19.230469 7177.7349 0.11439309
19.240234 7175.4434 0.11439666
19.25     7174.687  0.11450008
19.259766 7183.6089 0.11459202
19.269531 7184.083  0.114685
19.279297 7175.6113 0.11467934
19.289063 7177.1226 0.1147981
19.298828 7177.9937 0.11482835
19.308594 7180.313  0.11493638
19.318359 7182.0444 0.11500627
19.328125 7175.6665 0.11504337
19.337891 7164.3032 0.11508584
19.347656 7159.2188 0.11508912
19.357422 7168.3701 0.11519954
19.367188 7169.7485 0.11533514
19.376953 7163.4893 0.11533798
19.386719 7160.7627 0.11537701
19.396484 7157.3521 0.11547476
19.40625  7151.7466 0.11545181
19.416016 7152.1479 0.11553138
19.425781 7155.731  0.11557937
19.435547 7148.3906 0.11563554
19.445313 7142.2681 0.11570409
19.455078 7142.1724 0.11572242
19.464844 7150.3608 0.11583418
19.474609 7150.9414 0.11590064
19.484375 7147.0884 0.11592165
19.494141 7151.0303 0.11605129
19.503906 7151.1143 0.11608616
19.513672 7151.3638 0.11620015
19.523438 7151.21   0.11625886
19.533203 7146.6924 0.1162751
19.542969 7141.1626 0.11634842
19.552734 7139.7261 0.11641368
19.5625   7138.8584 0.11644602
19.572266 7134.6177 0.11648536
19.582031 7131.1738 0.11653349
19.591797 7130.4038 0.11656255
19.601563 7130.2749 0.11665598
19.611328 7126.2012 0.11666714
19.621094 7132.2729 0.11677742
19.630859 7134.915  0.11680931
19.640625 7133.5425 0.11691421
19.650391 7132.1304 0.11701644
19.660156 7128.1333 0.11703223
19.669922 7125.3843 0.11711493
19.679688 7122.8296 0.11713937
19.689453 7119.959  0.11724874
19.699219 7115.1733 0.11726215
19.708984 7112.1079 0.11734247
19.71875  7109.1748 0.11736199
19.728516 7112.8354 0.11741906
19.738281 7115.1523 0.11752769
19.748047 7116.5815 0.11759073
19.757813 7112.5464 0.11768907
19.767578 7108.3086 0.11771634
19.777344 7102.9492 0.11771038
19.787109 7096.3711 0.11774853
19.796875 7086.0664 0.11780426
19.806641 7084.7915 0.11781216
19.816406 7091.2139 0.11795222
19.826172 7090.7446 0.11794522
19.835938 7089.5088 0.11802748
19.845703 7087.3545 0.11812776
19.855469 7084.6694 0.11810079
19.865234 7082.5278 0.11815742
19.875    7089.2271 0.11827096
19.884766 7097.3921 0.11835784
19.894531 7101.8936 0.11847347
19.904297 7099.2393 0.11855498
19.914063 7097.7769 0.11865676
19.923828 7089.4951 0.11863545
19.933594 7072.7456 0.11866465
19.943359 7061.1694 0.11872202
19.953125 7063.4121 0.11876777
19.962891 7063.8496 0.11882648
19.972656 7058.3335 0.11881053
19.982422 7059.9678 0.11887029
19.992188 7058.3276 0.11895373
20.001953 7057.9556 0.1189962
20.011719 7062.2012 0.11909708
20.021484 7072.1069 0.11918426

Data Acquisition                                            Time:     30.022461 s         4/20/2017 10:29:19 AM
Time      Ch 1 Force Ch 1 Displacement
s         lbf       in
20.03125  7072.9512 0.1192604
20.041016 7068.8755 0.11931597
20.050781 7068.9531 0.11937037
20.060547 7063.1294 0.11946127
20.070313 7059.2715 0.11954978
20.080078 7057.563  0.11953861
20.089844 7049.3691 0.11960641
20.099609 7042.9736 0.11966199
20.109375 7039.7168 0.11970565
20.119141 7044.4292 0.11978298
20.128906 7041.4888 0.1198411
20.138672 7039.3223 0.11989056
20.148438 7034.7881 0.11994063
20.158203 7029.3779 0.1199688
20.167969 7031.2183 0.1200667
20.177734 7037.6528 0.1201196
20.1875   7034.2217 0.1201801
20.197266 7025.6587 0.12021795
20.207031 7019.3418 0.12020766
20.216797 7013.5967 0.12027279
20.226563 7022.9976 0.12036368
20.236328 7025.9189 0.12048721
20.246094 7027.8291 0.12053341
20.255859 7019.1587 0.12059733
20.265625 7011.0679 0.12056813
20.275391 7015.5    0.12064114
20.285156 7013.1934 0.1207301
20.294922 7014.834  0.12079865
20.304688 7016.3716 0.1208818
20.314453 7018.9307 0.1209721
20.324219 7016.5127 0.12100339
20.333984 7007.0396 0.12105614
20.34375  6997.3149 0.12111009
20.353516 6995.3833 0.12114987
20.363281 6996.3257 0.12123629
20.373047 6999.0205 0.12130529
20.382813 6996.6489 0.12134448
20.392578 6998.293  0.12140617
20.402344 6996.4883 0.12145057
20.412109 6989.8608 0.12155116
20.421875 6982.0068 0.1216051
20.431641 6981.5903 0.12162328
20.441406 6983.5581 0.12169838
20.451172 6984.4185 0.12180194
20.460938 6983.3052 0.12183367
20.470703 6978.5459 0.12188479
20.480469 6975.8247 0.12198418
20.490234 6969.3496 0.12197703
20.5      6967.2749 0.12206689
20.509766 6963.2163 0.12210459
20.519531 6963.2993 0.12214884
20.529297 6961.9194 0.1222007
20.539063 6960.5635 0.12229115
20.548828 6953.9966 0.12232929
20.558594 6953.6963 0.12238741
20.568359 6956.6216 0.12245029
20.578125 6950.1914 0.12251839
20.587891 6943.9185 0.12248948
20.597656 6943.3931 0.12264118
20.607422 6943.2446 0.12265027
20.617188 6939.1387 0.12272164
20.626953 6936.335  0.12278304
20.636719 6937.6963 0.12285948
20.646484 6934.1982 0.12289569
20.65625  6931.832  0.12296915
20.666016 6921.3115 0.12304828
20.675781 6920.1035 0.12309045
20.685547 6918.5962 0.12313396
20.695313 6915.1758 0.12322932
20.705078 6914.8291 0.12330517
20.714844 6908.2358 0.12332186
20.724609 6901.0513 0.12340665
20.734375 6901.4189 0.12347683
20.744141 6897.2935 0.12349545
20.753906 6891.9443 0.12360274
20.763672 6888.1372 0.12363002
20.773438 6885.9395 0.12373447
20.783203 6882.0098 0.12377128
20.792969 6875.6318 0.12380436
20.802734 6868.4702 0.12383908
20.8125   6864.6279 0.12389436
20.822266 6863.8369 0.1239875
20.832031 6866.7227 0.12402922
20.841797 6868.0039 0.12414098
20.851563 6866.7095 0.12421668
20.861328 6854.1567 0.1242581
20.871094 6849.2217 0.12428313
20.880859 6846.0103 0.12436032
20.890625 6842.2847 0.1244229
20.900391 6836.9385 0.12447745
20.910156 6836.2153 0.12454584
20.919922 6831.1865 0.12461916
20.929688 6828.5327 0.12463883
20.939453 6832.9858 0.12474626
20.949219 6835.8589 0.12486681
20.958984 6824.1802 0.12490079
20.96875  6813.0103 0.12496665
20.978516 6805.1128 0.12506172
20.988281 6792.1128 0.12506455
20.998047 6780.168  0.12504131
21.007813 6773.4639 0.12507096
21.017578 6772.6587 0.12513995
21.027344 6778.5137 0.1252465
21.037109 6777.1289 0.12530208
21.046875 6774.4517 0.12537688
21.056641 6767.332  0.12540519
21.066406 6758.0112 0.12542799
21.076172 6756.0049 0.12549743
21.085938 6758.5703 0.12562737
21.095703 6751.479  0.12567997
21.105469 6742.0127 0.12574032
21.115234 6731.5879 0.12577534
21.125    6727.1309 0.12583256
21.134766 6724.1021 0.12585044
21.144531 6716.5215 0.12594357
21.154297 6705.9917 0.12593731
21.164063 6703.9399 0.12605444
21.173828 6700.2734 0.12608588
21.183594 6690.4912 0.12617037
21.193359 6682.3037 0.12622163
21.203125 6681.0522 0.1262787
21.212891 6678.6899 0.12631804
21.222656 6677.6392 0.12641028
21.232422 6670.3633 0.12650281
21.242188 6657.687  0.12652427
21.251953 6649.9868 0.12654945
21.261719 6640.6567 0.12665659
21.271484 6630.1772 0.12667611
21.28125  6625.9063 0.12675241
21.291016 6620.0586 0.1268062
21.300781 6610.4238 0.1268512
21.310547 6601.9922 0.12693599
21.320313 6588.125  0.12694761
21.330078 6582.3931 0.12708545
21.339844 6568.9238 0.12716338
21.349609 6559.3096 0.12727112
21.359375 6541.0479 0.1273337
21.369141 6523.5649 0.12747288
21.378906 6499.0776 0.12745216
21.388672 6474.2871 0.12748823
21.398438 6453.8926 0.12750849
21.408203 6439.1938 0.12755737
21.417969 6434.9478 0.12762085
21.427734 6425.7593 0.12772366
21.4375   6408.6367 0.12777179
21.447266 6398.4175 0.12781739
21.457031 6386.9663 0.1278469
21.466797 6371.916  0.12791023
21.476563 6358.3354 0.12799293
21.486328 6345.1768 0.12797832
21.496094 6339.3003 0.12806281
21.505859 6334.6284 0.12815908
21.515625 6323.2759 0.12820229
21.525391 6312.0127 0.12823731
21.535156 6304.4854 0.12831673
21.544922 6295.2461 0.12838379
21.554688 6287.356  0.12848422
21.564453 6274.2002 0.12853399
21.574219 6261.2461 0.12852058
21.583984 6254.0415 0.12862429
21.59375  6243.3843 0.12866274
21.603516 6229.5508 0.12869194
21.613281 6222.6304 0.12873113
21.623047 6217.6753 0.12883842
21.632813 6208.9614 0.12888268
21.642578 6197.5366 0.12895629
21.652344 6185.0381 0.12897551
21.662109 6171.5488 0.12902975
21.671875 6157.499  0.12907147
21.681641 6150.9463 0.12913644
21.691406 6143.4287 0.12925178
21.701172 6130.8511 0.12929007
21.710938 6115.9941 0.12936592
21.720703 6103.7559 0.12941524
21.730469 6090.0996 0.12948409
21.740234 6070.3223 0.12955919
21.75     6057.7676 0.1296638
21.759766 6042.5786 0.1297532
21.769531 6022.6958 0.12980968
21.779297 5992.709  0.12986869
21.789063 5967.6133 0.12994394
21.798828 5952.8955 0.13001204
21.808594 5925.5171 0.13005242
21.818359 5903.5039 0.13013005
21.828125 5879.4219 0.13014093
21.837891 5861.1738 0.1302287
21.847656 5843.8276 0.13029635
21.857422 5833.4707 0.13036579
21.867188 5825.5913 0.13043925
21.876953 5813.1079 0.1305072
21.886719 5793.4214 0.13053253
21.896484 5784.6411 0.13058081
21.90625  5774.9497 0.13063639
21.916016 5765.6201 0.13068333
21.925781 5753.0288 0.13071626
21.935547 5745.9561 0.13080537
21.945313 5735.3354 0.13081744
21.955078 5725.0073 0.1308538
21.964844 5714.9102 0.13090506
21.974609 5707.2622 0.13097808
21.984375 5702.4038 0.13100773
21.994141 5697.6455 0.13103455
22.003906 5695.7441 0.13116598
22.013672 5692.6831 0.13126969
22.023438 5680.0737 0.13134986
22.033203 5670.0435 0.13139307
22.042969 5658.499  0.13148963
22.052734 5642.7983 0.13151944
22.0625   5626.6357 0.1315622
22.072266 5612.4893 0.13156742
22.082031 5604.71   0.13163015
22.091797 5592.2905 0.13166159
22.101563 5584.0254 0.13174012
22.111328 5575.604  0.13175026
22.121094 5572.3618 0.13184115
22.130859 5568.5122 0.13198078
22.140625 5559.4995 0.13210192
22.150391 5551.001  0.13213098
22.160156 5540.3125 0.13221756
22.169922 5527.4302 0.13225704
22.179688 5511.6807 0.1323244
22.189453 5496.3975 0.13233945
22.199219 5483.1172 0.13237193
22.208984 5482.0581 0.1324679
22.21875  5468.8892 0.13249412
22.228516 5460.3335 0.13259545
22.238281 5453.0049 0.13262421
22.248047 5446.1353 0.13270468
22.257813 5434.6543 0.13276279
22.267578 5424.7266 0.13281599
22.277344 5414.6143 0.13283938
22.287109 5404.1323 0.13289854
22.296875 5397.9927 0.1329647
22.306641 5387.5903 0.13300493
22.316406 5382.6919 0.13304517
22.326172 5375.4653 0.13313085
22.335938 5366.9976 0.13315871
22.345703 5354.5957 0.13323069
22.355469 5344.3267 0.13333112
22.365234 5330.9653 0.13333291
22.375    5321.5684 0.13343006
22.384766 5312.0708 0.13348073
22.394531 5302.874  0.13357699
22.404297 5291.041  0.13365597
22.414063 5277.2139 0.13372436
22.423828 5264.7808 0.13375118
22.433594 5249.6284 0.13379827
22.443359 5237.2837 0.13389319
22.453125 5229.5522 0.13388827
22.462891 5216.6978 0.1340057
22.472656 5204.1226 0.13403162
22.482422 5190.4966 0.13413832
22.492188 5175.7573 0.13424024
22.501953 5163.4854 0.13425902
22.511719 5140.9478 0.13431564
22.521484 5125.5625 0.13438836
22.53125  5116.5308 0.1344493
22.541016 5105.1597 0.13447389
22.550781 5092.981  0.13453662
22.560547 5082.7944 0.1346311
22.570313 5071.2993 0.13470754
22.580078 5053.5933 0.13475731
22.589844 5035.3647 0.13480544
22.599609 5023.52   0.13481528
22.609375 5010.7422 0.1348643
22.619141 5001.7896 0.13489559
22.628906 4995.1606 0.13495252
22.638672 4994.9463 0.1350221
22.648438 4987.0879 0.13511524
22.658203 4971.1064 0.13522342
22.667969 4961.3994 0.13526678
22.677734 4947.7896 0.13526559
22.6875   4935.0835 0.1353462
22.697266 4927.7617 0.13536721
22.707031 4918.6318 0.13543651
22.716797 4908.8945 0.13548926
22.726563 4893.1514 0.13554946
22.736328 4888.3442 0.13561323
22.746094 4876.4951 0.13571382
22.755859 4861.6499 0.13583899
22.765625 4844.9624 0.13587996
22.775391 4823.9717 0.13592586
22.785156 4793.4565 0.13599575
22.794922 4768.0542 0.13602972
22.804688 4743.7627 0.13609946
22.814453 4719.8052 0.1361385
22.824219 4700.2974 0.13623118
22.833984 4679.936  0.13630465
22.84375  4662.0371 0.13638705
22.853516 4636.8691 0.13657182
22.863281 4598.1748 0.13659149
22.873047 4544.0552 0.13659716
22.882813 4470.8364 0.1367645
22.892578 4399.9702 0.13686255
22.902344 4323.7876 0.13693705
22.912109 4261.1226 0.13699174
22.921875 4197.561  0.13699308
22.931641 4128.6948 0.1370427
22.941406 4051.8086 0.13716042
22.951172 3954.1672 0.13723746
22.960938 3545.9753 0.13758555
22.970703 -156.32295 0.1422485
22.980469 -155.47691 0.1402165
22.990234 -144.65358 0.13899058
23        -127.24732 0.13824239
23.009766 -127.46577 0.13784677
23.019531 -131.09088 0.13773248
23.029297 -123.79631 0.13768286
23.039063 -131.66209 0.13765007
23.048828 -142.84467 0.13765082
23.058594 -139.59569 0.1376541
23.068359 -131.93494 0.1377809
23.078125 -128.26321 0.13779432
23.087891 -124.32652 0.13787329
23.097656 -124.94852 0.13793617
23.107422 -128.96405 0.13798267
23.117188 -137.65759 0.1380676
23.126953 -136.78445 0.13813376
23.136719 -135.12793 0.13819888
23.146484 -130.10495 0.13828024
23.15625  -126.65648 0.13833642
23.166016 -127.28185 0.13837785
23.175781 -129.35092 0.13841629
23.185547 -132.51625 0.13856038
23.195313 -133.33656 0.13862953
23.205078 -131.55457 0.13870537
23.214844 -129.81914 0.13869911
23.224609 -127.65253 0.13871908
23.234375 -128.99449 0.13881743
23.244141 -132.50119 0.13885483
23.253906 -134.99817 0.13892159
23.263672 -131.18172 0.13889477
23.273438 -130.59668 0.1389578
23.283203 -127.40682 0.13908222
23.292969 -127.27443 0.1391238
23.302734 -129.38873 0.13922691
23.3125   -134.23872 0.13931215
23.322266 -135.01303 0.13936996
23.332031 -132.83025 0.13943136
23.341797 -128.18645 0.13940543
23.351563 -126.36004 0.1394555
23.361328 -126.70447 0.13950184
23.371094 -130.78854 0.13959154
23.380859 -133.91628 0.13960183
23.390625 -133.65836 0.13965219
23.400391 -130.73558 0.13974041
23.410156 -128.48343 0.13980106
23.419922 -127.33746 0.13988361
23.429688 -129.80293 0.13999388
23.439453 -133.54114 0.14012322
23.449219 -132.91452 0.14011994
23.458984 -131.25124 0.14014736
23.46875  -128.20566 0.14023736
23.478516 -127.02573 0.14021844
23.488281 -129.21022 0.14024973
23.498047 -132.86151 0.14027879
23.507813 -134.82051 0.1403901
23.517578 -132.84685 0.14051437
23.527344 -128.8065 0.1405926
23.537109 -126.45943 0.14063537
23.546875 -126.82803 0.14070556
23.556641 -130.54036 0.14072716
23.566406 -134.54385 0.14083408
23.576172 -133.67784 0.14088504
23.585938 -131.74657 0.14092192
23.595703 -128.15407 0.14097705
23.605469 -127.14987 0.14100954
23.615234 -128.7229 0.14099479
23.625    -133.11337 0.14111832
23.634766 -133.38551 0.14115937
23.644531 -132.05418 0.14125086
23.654297 -128.29942 0.14137328
23.664063 -127.24316 0.14145091
23.673828 -128.7309 0.14148168
23.683594 -132.34874 0.14150232
23.693359 -134.47162 0.14154769
23.703125 -133.15791 0.14163651
23.712891 -129.3963 0.1416605
23.722656 -126.7201 0.14171608
23.732422 -127.48611 0.14174327
23.742188 -129.93585 0.14182851
23.751953 -134.00974 0.14183044
23.761719 -133.5611 0.1419396
23.771484 -131.5708 0.14197335
23.78125  -128.35603 0.14203072
23.791016 -127.00526 0.14208831
23.800781 -128.67842 0.14216222
23.810547 -132.32697 0.14214419
23.820313 -132.92616 0.14227688
23.830078 -132.05629 0.14229916
23.839844 -129.18965 0.14240019
23.849609 -127.75684 0.14241539
23.859375 -128.4229 0.14245614
23.869141 -131.43176 0.14251575
23.878906 -133.85973 0.14255658
23.888672 -132.69043 0.14264524
23.898438 -130.28348 0.1427263
23.908203 -127.6642 0.14285088
23.917969 -127.6033 0.14291987
23.927734 -129.34178 0.14304675
23.9375   -133.09026 0.14303446
23.947266 -133.46906 0.14308222
23.957031 -132.0444 0.14315344
23.966797 -128.97572 0.14322847
23.976563 -127.45831 0.14322206
23.986328 -128.71114 0.14331289
23.996094 -131.15913 0.14338076
24.005859 -133.31664 0.14341861
24.015625 -132.45236 0.14351711
24.025391 -130.26459 0.14355898
24.035156 -128.11453 0.14359675
24.044922 -128.56674 0.14357895
24.054688 -130.47356 0.14367849
24.064453 -133.15491 0.14375143
24.074219 -132.75073 0.14384761
24.083984 -131.07481 0.14383316
24.09375  -128.24179 0.14390364
24.103516 -127.83745 0.14399678
24.113281 -128.9256 0.14402494
24.123047 -131.94455 0.14409624
24.132813 -133.25751 0.14416911
24.142578 -132.24643 0.14420643
24.152344 -130.01828 0.14425799
24.162109 -127.77546 0.14436483
24.171875 -128.04863 0.14441669
24.181641 -130.22618 0.1444792
24.191406 -132.71303 0.14457345
24.201172 -132.50626 0.14464587
24.210938 -131.39645 0.14475599
24.220703 -128.55594 0.14476806
24.230469 -128.38463 0.14480226
24.240234 -129.11017 0.14485031
24.25     -131.8213 0.14490716
24.259766 -132.60005 0.14495671
24.269531 -131.8261 0.14501475
24.279297 -129.10977 0.14505059
24.289063 -128.14128 0.14515042
24.298828 -128.62544 0.14517963
24.308594 -131.02174 0.14520891
24.318359 -132.9543 0.14537051
24.328125 -132.24416 0.14540389
24.337891 -130.53479 0.14546283
24.347656 -128.13806 0.14555499
24.357422 -127.89501 0.14550693
24.367188 -129.29054 0.14556959
24.376953 -132.09674 0.1455906
24.386719 -132.41647 0.14575772
24.396484 -131.69241 0.14569268
24.40625  -129.12605 0.14586054
24.416016 -128.24701 0.14590174
24.425781 -128.80077 0.14597468
24.435547 -130.61879 0.14601804
24.445313 -132.20842 0.1461599
24.455078 -131.78578 0.14619738
24.464844 -130.01611 0.14624886
24.474609 -128.38208 0.14633738
24.484375 -128.56003 0.1463116
24.494141 -130.08972 0.14637336
24.503906 -132.58748 0.14644854
24.513672 -132.1973 0.14649533
24.523438 -131.14818 0.14653429
24.533203 -128.43906 0.14662936
24.542969 -128.04137 0.14671579
24.552734 -129.20485 0.14682695
24.5625   -131.69246 0.14685921
24.572266 -132.31697 0.14687449
24.582031 -132.00343 0.14685899
24.591797 -129.61967 0.14693052
24.601563 -128.22484 0.14700167
24.611328 -128.36092 0.14703333
24.621094 -130.53471 0.14711499
24.630859 -132.10744 0.14727868
24.640625 -132.21286 0.1473096
24.650391 -130.54283 0.147378
24.660156 -128.58408 0.14739774
24.669922 -128.38162 0.14745198
24.679688 -129.93161 0.14752321
24.689453 -132.21194 0.14753267
24.699219 -132.13893 0.14764421
24.708984 -131.19908 0.14768429
24.71875  -128.81175 0.14769726
24.728516 -128.26688 0.14769062
24.738281 -128.96671 0.14779218
24.748047 -131.11725 0.14788993
24.757813 -132.48302 0.14794432
24.767578 -131.6942 0.14802769
24.777344 -129.92194 0.148056
24.787109 -128.30789 0.14811337
24.796875 -128.3147 0.14821559
24.806641 -129.95305 0.14824837
24.816406 -132.17967 0.1483459
24.826172 -131.9332 0.14840603
24.835938 -130.88919 0.14846168
24.845703 -128.54501 0.1485201
24.855469 -128.61758 0.14857702
24.865234 -129.29607 0.14864765
24.875    -131.35849 0.14866203
24.884766 -131.98036 0.14871269
24.894531 -131.53473 0.14880128
24.904297 -129.39355 0.14887869
24.914063 -128.24298 0.14886022
24.923828 -128.82639 0.14895901
24.933594 -130.6786 0.14901392
24.943359 -132.2522 0.14911763
24.953125 -131.62424 0.14918461
24.962891 -130.54794 0.14926106
24.972656 -128.70979 0.14922731
24.982422 -128.34145 0.14922395
24.992188 -129.53377 0.14933564
25.001953 -131.36636 0.14940679
25.011719 -131.86354 0.14941767
25.021484 -131.23117 0.14950648
25.03125  -129.16531 0.14955118
25.041016 -128.31334 0.14959134
25.050781 -128.99327 0.14972657
25.060547 -130.75305 0.14976524
25.070313 -132.18236 0.14982343
25.080078 -131.18692 0.14989339
25.089844 -130.06256 0.14994308
25.099609 -128.7133 0.14996663
25.109375 -128.72809 0.15001029
25.119141 -129.87593 0.15006125
25.128906 -131.83406 0.15010819
25.138672 -131.73975 0.15024379
25.148438 -130.70726 0.1503057
25.158203 -129.00725 0.15031256
25.167969 -128.52939 0.15037909
25.177734 -129.03032 0.15043594
25.1875   -131.18689 0.15042961
25.197266 -131.80467 0.15059046
25.207031 -131.06564 0.15065126
25.216797 -129.68617 0.15074678
25.226563 -128.61888 0.15082441
25.236328 -128.76793 0.15086688
25.246094 -130.36842 0.15092209
25.255859 -131.70706 0.15095942
25.265625 -131.67001 0.1510901
25.275391 -130.71802 0.15112795
25.285156 -129.26929 0.15111551
25.294922 -129.03069 0.15118316
25.304688 -129.49036 0.15126787
25.314453 -131.28438 0.15126854
25.324219 -131.45438 0.15133008
25.333984 -131.26494 0.1514563
25.34375  -129.33272 0.15140936
25.353516 -128.74411 0.15146837
25.363281 -129.19373 0.15155695
25.373047 -130.47685 0.15163146
25.382813 -131.68417 0.15173487
25.392578 -131.17615 0.1518093
25.402344 -130.22417 0.15187658
25.412109 -128.79012 0.15186973
25.421875 -128.96599 0.15193366
25.431641 -129.98651 0.15200488
25.441406 -131.3624 0.15202105
25.451172 -131.18433 0.15206382
25.460938 -130.69923 0.15210651
25.470703 -129.33614 0.1521825
25.480469 -128.76721 0.15228614
25.490234 -129.54393 0.15239462
25.5      -130.72659 0.15248626
25.509766 -131.41624 0.15254959
25.519531 -131.06851 0.15251778
25.529297 -129.4854 0.15256211
25.539063 -129.15112 0.15265867
25.548828 -128.86694 0.15270263
25.558594 -130.42929 0.15269235
25.568359 -131.5556 0.1528018
25.578125 -131.07442 0.15280932
25.587891 -130.23199 0.15291452
25.597656 -128.9928 0.15300378
25.607422 -128.75912 0.15305199
25.617188 -129.54617 0.15314385
25.626953 -130.78584 0.15317909
25.636719 -131.42911 0.15326336
25.646484 -130.80779 0.15338056
25.65625  -129.7188 0.15339948
25.666016 -128.78534 0.15343882
25.675781 -129.08035 0.15351146
25.685547 -130.5137 0.15359424
25.695313 -131.33397 0.15364423
25.705078 -131.04825 0.15362464
25.714844 -130.16689 0.15364245
25.724609 -128.60654 0.15370809
25.734375 -129.02931 0.15375853
25.744141 -130.36584 0.1538945
25.753906 -131.24785 0.15387766
25.763672 -130.91516 0.15399374
25.773438 -130.67006 0.15403375
25.783203 -129.14325 0.1541023
25.792969 -128.61951 0.15421554
25.802734 -129.20361 0.15426472
25.8125   -130.9189 0.15432298
25.822266 -131.35251 0.15431412
25.832031 -130.75655 0.15444085
25.841797 -129.45279 0.1544977
25.851563 -128.83696 0.15454784
25.861328 -129.04106 0.15462503
25.871094 -130.30495 0.15470698
25.880859 -131.34688 0.15470512
25.890625 -131.14323 0.15478499
25.900391 -130.36926 0.15476733
25.910156 -128.98521 0.15479028
25.919922 -128.86731 0.15483409
25.929688 -129.48065 0.15496612
25.939453 -131.03459 0.15502833
25.949219 -130.98286 0.15506536
25.958984 -130.93646 0.15514962
25.96875  -129.31995 0.15519209
25.978516 -128.74811 0.15535228
25.988281 -128.90115 0.15542015
25.998047 -130.18782 0.15544355
26.007813 -131.07402 0.15545562
26.017578 -130.8987 0.15549719
26.027344 -129.90884 0.15552402
26.037109 -128.81938 0.15563674
26.046875 -128.82436 0.1557193
26.056641 -129.79472 0.15578017
26.066406 -130.95029 0.1558473
26.076172 -131.16071 0.15586585
26.085938 -130.77692 0.15588284
26.095703 -129.20888 0.1558838
26.105469 -128.80479 0.15596561
26.115234 -129.32603 0.15601486
26.125    -130.54515 0.15611939
26.134766 -131.1696 0.15618384
26.144531 -130.79393 0.15627012
26.154297 -129.78044 0.15632294
26.164063 -128.82388 0.15639246
26.173828 -129.17468 0.15645556
26.183594 -130.48964 0.15653819
26.193359 -131.06151 0.15656769
26.203125 -131.04364 0.15663818
26.212891 -130.37137 0.1566764
26.222656 -129.21155 0.15668973
26.232422 -129.05399 0.15683003
26.242188 -129.59544 0.15678555
26.251953 -130.78801 0.15695319
26.261719 -130.93236 0.15705593
26.271484 -130.69612 0.15705049
26.28125  -129.56331 0.15713334
26.291016 -129.209  0.15718281
26.300781 -129.1987 0.15718311
26.310547 -130.37881 0.15723385
26.320313 -131.00261 0.15726015
26.330078 -130.6647 0.15733875
26.339844 -129.93069 0.15740968
26.349609 -129.21738 0.1575157
26.359375 -129.31218 0.15750624
26.369141 -129.81558 0.15765315
26.378906 -130.69278 0.15767938
26.388672 -130.82758 0.15777305
26.398438 -130.40495 0.15776686
26.408203 -129.59702 0.15781492
26.417969 -129.32651 0.15785195
26.427734 -129.74879 0.15792072
26.4375   -130.51775 0.15800582
26.447266 -131.19987 0.15811072
26.457031 -130.66237 0.158213
26.466797 -129.64859 0.15824646
26.476563 -129.07085 0.15829019
26.486328 -129.38469 0.15836433
26.496094 -130.17473 0.15838979
26.505859 -130.69876 0.15850684
26.515625 -130.77875 0.15856603
26.525391 -130.12784 0.15858367
26.535156 -129.31445 0.15859142
26.544922 -129.11757 0.15863121
26.554688 -129.82214 0.15872769
26.564453 -130.96239 0.15880585
26.574219 -130.72668 0.15886194
26.583984 -130.39633 0.15895694
26.59375  -129.51462 0.15899412
26.603516 -129.27371 0.15909828
26.613281 -129.29695 0.15910059
26.623047 -130.43358 0.15918307
26.632813 -131.05576 0.15922062
26.642578 -130.50806 0.15930369
26.652344 -129.90594 0.15930966
26.662109 -128.97336 0.15938938
26.671875 -128.80281 0.15950419
26.681641 -130.04295 0.15956342
26.691406 -130.70726 0.15962087
26.701172 -130.64304 0.15965156
26.710938 -130.22319 0.15963414
26.720703 -129.51363 0.15967898
26.730469 -129.0714 0.15974389
26.740234 -129.40778 0.15983813
26.75     -130.41328 0.15991539
26.759766 -130.81294 0.15994912
26.769531 -130.23763 0.160046
26.779297 -129.8526 0.16007045
26.789063 -129.34026 0.1601021
26.798828 -129.33794 0.16017474
26.808594 -129.96793 0.16024649
26.818359 -130.97261 0.16028291
26.828125 -130.61002 0.16036421
26.837891 -130.01341 0.16044334
26.847656 -129.19502 0.16047372
26.857422 -129.16618 0.16055001
26.867188 -129.54886 0.16064988
26.876953 -130.15453 0.16076274
26.886719 -130.72617 0.16072452
26.896484 -130.53477 0.16076751
26.90625  -129.57205 0.16078323
26.916016 -128.85609 0.16087638
26.925781 -129.35115 0.16099975
26.935547 -130.19991 0.16110545
26.945313 -130.74341 0.16115829
26.955078 -130.52347 0.16119495
26.964844 -129.94147 0.16122505
26.974609 -129.36084 0.16123839
26.984375 -128.85194 0.16130015
26.994141 -129.82857 0.16136521
27.003906 -130.48474 0.16147412
27.013672 -130.74728 0.16149521
27.023438 -130.21149 0.16161926
27.033203 -129.45724 0.16159996
27.042969 -129.27048 0.16168907
27.052734 -129.72658 0.16175777
27.0625   -130.15266 0.16180456
27.072266 -130.63367 0.16181402
27.082031 -130.01501 0.1618159
27.091797 -129.71533 0.16197599
27.101563 -129.43031 0.1620578
27.111328 -129.28969 0.16210377
27.121094 -129.96564 0.16213566
27.130859 -130.57021 0.16216598
27.140625 -130.16257 0.16224295
27.150391 -129.79858 0.16236082
27.160156 -129.32982 0.16239911
27.169922 -129.30421 0.16247629
27.179688 -129.67906 0.16250603
27.189453 -130.27774 0.16258338
27.199219 -130.52332 0.16263515
27.208984 -130.04643 0.16266137
27.21875  -129.34895 0.16275175
27.228516 -129.1615 0.16277677
27.238281 -129.69289 0.16281851
27.248047 -129.92068 0.16288124
27.257813 -130.34581 0.16294241
27.267578 -130.22559 0.16298845
27.277344 -129.67955 0.1631064
27.287109 -129.39241 0.16311771
27.296875 -129.28601 0.16320549
27.306641 -130.06052 0.16323045
27.316406 -130.28604 0.16335197
27.326172 -130.38528 0.16341023
27.335938 -130.21652 0.16349906
27.345703 -129.53989 0.16352378
27.355469 -128.83817 0.16350845
27.365234 -129.54588 0.16361342
27.375    -130.32109 0.16373806
27.384766 -130.48933 0.163792
27.394531 -130.21352 0.16379489
27.404297 -129.67784 0.16386157
27.414063 -129.04488 0.16401961
27.423828 -129.36975 0.16409053
27.433594 -130.17889 0.16410707
27.443359 -130.3811 0.16413175
27.453125 -130.30771 0.16415119
27.462891 -129.89514 0.16416818
27.472656 -129.45473 0.16420327
27.482422 -129.12735 0.16424224
27.492188 -129.77534 0.16432546
27.501953 -130.45441 0.16443007
27.511719 -130.37357 0.16450988
27.521484 -129.99261 0.16451627
27.53125  -129.34685 0.16457886
27.541016 -129.20499 0.16466424
27.550781 -129.35168 0.16473956
27.560547 -130.01372 0.16475321
27.570313 -130.56482 0.16486458
27.580078 -130.31544 0.16491273
27.589844 -129.45372 0.16496204
27.599609 -129.46878 0.16504408
27.609375 -129.25302 0.16501635
27.619141 -129.70824 0.16514203
27.628906 -130.2793 0.16519234
27.638672 -130.32289 0.16519949
27.648438 -129.90417 0.1653178
27.658203 -129.34119 0.16534403
27.667969 -129.26863 0.16543083
27.677734 -129.38554 0.16548641
27.6875   -130.02798 0.16559914
27.697266 -130.44936 0.16560622
27.707031 -130.39354 0.16566962
27.716797 -129.45482 0.16574992
27.726563 -129.31348 0.16581179
27.736328 -129.64299 0.16590804
27.746094 -130.03061 0.16590677
27.755859 -130.09258 0.16602179
27.765625 -130.23431 0.16608098
27.775391 -130.27435 0.16617082
27.785156 -129.66885 0.16616412
27.794922 -129.49045 0.16615584
27.804688 -129.57951 0.1662223
27.814453 -130.00668 0.16628398
27.824219 -130.23544 0.16627274
27.833984 -129.88327 0.1663541
27.84375  -129.85712 0.16646795
27.853516 -129.28607 0.16649863
27.863281 -129.53494 0.16659528
27.873047 -129.99728 0.16667999
27.882813 -130.07516 0.1667136
27.892578 -129.94972 0.1667849
27.902344 -129.71375 0.16678289
27.912109 -129.25325 0.1668191
27.921875 -129.22885 0.16692498
27.931641 -129.83722 0.16704768
27.941406 -130.26086 0.16717508
27.951172 -130.28093 0.16724147
27.960938 -130.10672 0.16725801
27.970703 -129.33206 0.167289
27.980469 -129.78404 0.16730331
27.990234 -129.78349 0.16730607
28        -129.85887 0.16736992
28.009766 -130.2048 0.16746216
28.019531 -129.82439 0.16755015
28.029297 -129.47406 0.16759865
28.039063 -129.31334 0.16767165
28.048828 -129.60439 0.16776368
28.058594 -129.93849 0.16780986
28.068359 -130.27391 0.1678136
28.078125 -130.21761 0.16791873
28.087891 -129.58118 0.16795099
28.097656 -129.26085 0.16801701
28.107422 -129.20625 0.16811423
28.117188 -130.0265 0.16816869
28.126953 -130.19746 0.16820677
28.136719 -130.18587 0.16832238
28.146484 -130.20541 0.16840436
28.15625  -129.64842 0.16839251
28.166016 -129.53963 0.16838452
28.175781 -129.91156 0.16847335
28.185547 -130.48097 0.16853303
28.195313 -130.3018 0.16862899
28.205078 -129.80524 0.16864836
28.214844 -129.50529 0.16872317
28.224609 -129.32175 0.16886227
28.234375 -129.52144 0.16888633
28.244141 -129.83902 0.16889773
28.253906 -130.3414 0.16897546
28.263672 -130.25005 0.16905867
28.273438 -130.1761 0.16913281
28.283203 -129.46812 0.16919492
28.292969 -129.38164 0.16921388
28.302734 -129.54332 0.16922534
28.3125   -130.35652 0.16927309
28.322266 -130.2683 0.16934551
28.332031 -130.23906 0.16940534
28.341797 -129.44629 0.16951799
28.351563 -129.37309 0.16950086
28.361328 -129.5247 0.16953625
28.371094 -129.91324 0.16960754
28.380859 -130.30594 0.16972417
28.390625 -130.24896 0.1697547
28.400391 -129.95532 0.16981363
28.410156 -129.44426 0.16984202
28.419922 -129.06557 0.16994417
28.429688 -129.98807 0.16994132
28.439453 -130.35658 0.17005734
28.449219 -130.20662 0.17013326
28.458984 -130.1136 0.17016767
28.46875  -129.88348 0.17017871
28.478516 -129.36552 0.17024861
28.488281 -129.86049 0.17031394
28.498047 -129.99739 0.1703874
28.507813 -130.35709 0.17049275
28.517578 -130.17923 0.17049156
28.527344 -129.95802 0.17054895
28.537109 -129.18771 0.17064899
28.546875 -129.53577 0.17067596
28.556641 -129.98126 0.17074265
28.566406 -130.15262 0.17079078
28.576172 -130.26381 0.17085478
28.585938 -129.9249 0.17091818
28.595703 -129.52443 0.17093591
28.605469 -129.35011 0.17099209
28.615234 -129.54704 0.17110504
28.625    -130.0753 0.17113134
28.634766 -130.07924 0.17115971
28.644531 -129.74821 0.1712907
28.654297 -129.92255 0.17133042
28.664063 -129.7104 0.17139703
28.673828 -129.64687 0.17138295
28.683594 -129.88832 0.17143093
28.693359 -130.01778 0.17151223
28.703125 -129.89484 0.17158732
28.712891 -129.86424 0.17165521
28.722656 -129.36662 0.17174013
28.732422 -129.47362 0.17180271
28.742188 -129.64326 0.1718609
28.751953 -129.92479 0.17191179
28.761719 -130.17625 0.17201111
28.771484 -130.00261 0.17207032
28.78125  -129.5638 0.17212316
28.791016 -129.36768 0.17222971
28.800781 -130.09006 0.17225593
28.810547 -130.01886 0.17226167
28.820313 -130.36678 0.17233282
28.830078 -129.61484 0.17247118
28.839844 -129.71794 0.17254747
28.849609 -129.33109 0.17263718
28.859375 -129.53278 0.17267466
28.869141 -129.89084 0.17272374
28.878906 -130.1622 0.17274663
28.888672 -129.90799 0.17272443
28.898438 -129.59727 0.17278716
28.908203 -129.32861 0.17287016
28.917969 -129.61418 0.17300166
28.927734 -129.86726 0.17305829
28.9375   -130.07918 0.17311081
28.947266 -129.94897 0.17309673
28.957031 -129.99197 0.17315611
28.966797 -129.6133 0.17328925
28.976563 -129.51183 0.17327368
28.986328 -129.54532 0.1733201
28.996094 -129.89104 0.17338738
29.005859 -130.21399 0.17346211
29.015625 -130.28136 0.17350592
29.025391 -129.83186 0.1735878
29.035156 -129.42542 0.17359808
29.044922 -129.25662 0.17365672
29.054688 -129.81865 0.17370947
29.064453 -130.1638 0.17374955
29.074219 -129.93004 0.17381562
29.083984 -129.85855 0.17382501
29.09375  -129.18979 0.17395817
29.103516 -129.38177 0.17402641
29.113281 -129.44904 0.17412439
29.123047 -130.02876 0.17416053
29.132813 -129.97125 0.17430075
29.142578 -130.09331 0.17427869
29.152344 -129.75824 0.17431051
29.162109 -129.4787 0.17436415
29.171875 -129.27036 0.17439252
29.181641 -129.98558 0.17450012
29.191406 -129.99384 0.17460972
29.201172 -130.1629 0.17462961
29.210938 -129.74954 0.17465562
29.220703 -129.38567 0.17469527
29.230469 -129.10501 0.17476767
29.240234 -129.77333 0.17487258
29.25     -129.79919 0.17501548
29.259766 -130.1615 0.17502323
29.269531 -130.09462 0.1750599
29.279297 -129.46553 0.17508656
29.289063 -129.2728 0.17518446
29.298828 -129.59836 0.17528155
29.308594 -129.74092 0.1753372
29.318359 -129.9449 0.17530866
29.328125 -129.70004 0.17538629
29.337891 -129.62018 0.17545238
29.347656 -129.40588 0.17549394
29.357422 -129.29935 0.17560154
29.367188 -129.67444 0.17570347
29.376953 -130.01773 0.17578378
29.386719 -129.91811 0.17577477
29.396484 -129.85063 0.17584048
29.40625  -129.65829 0.17583586
29.416016 -129.15599 0.1758896
29.425781 -129.28345 0.17598046
29.435547 -129.7603 0.17605349
29.445313 -129.97614 0.17610751
29.455078 -129.50555 0.17619066
29.464844 -129.52446 0.1762794
29.474609 -129.78575 0.17625907
29.484375 -129.57101 0.17633125
29.494141 -129.63036 0.1763799
29.503906 -129.80331 0.17645448
29.513672 -129.88956 0.1764442
29.523438 -129.3383 0.17652564
29.533203 -129.30533 0.17660923
29.542969 -129.51881 0.17664202
29.552734 -129.68185 0.17668217
29.5625   -129.78084 0.17675146
29.572266 -129.86792 0.17686397
29.582031 -129.45923 0.17688161
29.591797 -129.19325 0.17696343
29.601563 -129.62521 0.17708638
29.611328 -129.67639 0.17714337
29.621094 -129.93401 0.17722204
29.630859 -129.81982 0.17731197
29.640625 -129.65117 0.17733783
29.650391 -129.33539 0.17738932
29.660156 -129.25916 0.17741941
29.669922 -129.82455 0.17745189
29.679688 -129.68231 0.177503
29.689453 -130.11118 0.17753734
29.699219 -129.82158 0.17765485
29.708984 -129.7473 0.17763637
29.71875  -129.26698 0.17772444
29.728516 -129.4104 0.17784967
29.738281 -129.71407 0.17795764
29.748047 -129.92856 0.17794698
29.757813 -129.63348 0.17798826
29.767578 -129.60643 0.17795438
29.777344 -129.34262 0.17806867
29.787109 -129.29868 0.17818095
29.796875 -129.38646 0.17826356
29.806641 -129.81401 0.17823689
29.816406 -129.9437 0.17831631
29.826172 -129.64922 0.17840579
29.835938 -129.8956 0.17843291
29.845703 -129.38306 0.17844051
29.855469 -129.33821 0.17852299
29.865234 -129.70189 0.17868325
29.875    -129.7218 0.17873242
29.884766 -130.05894 0.17879842
29.894531 -129.65858 0.17888032
29.904297 -129.72263 0.17887861
29.914063 -129.41095 0.17891012
29.923828 -129.48091 0.17900661
29.933594 -129.80493 0.17910175
29.943359 -130.04628 0.17910124
29.953125 -129.7504 0.17921597
29.962891 -129.62921 0.17923802
29.972656 -129.24724 0.17928146
29.982422 -129.3522 0.17936289
29.992188 -129.88588 0.17936535
30.001953 -129.66672 0.17943077
30.011719 -129.91496 0.17950898
30.021484 -129.75142 0.17950937

Data Acquisition                                            Time:     30.498047 s         4/20/2017 10:29:20 AM
Time      Ch 1 Force Ch 1 Displacement
s         lbf       in
30.03125  -129.58914 0.1795619
30.041016 -129.44566 0.17956436
30.050781 -129.54543 0.17958887
30.060547 -129.69395 0.17955087
30.070313 -130.04623 0.17955519
30.080078 -130.36653 0.1795467
30.089844 -130.08028 0.1795519
30.099609 -129.66159 0.17955057
30.109375 -129.99242 0.17953044
30.119141 -129.75777 0.17956957
30.128906 -130.10895 0.17952302
30.138672 -130.08467 0.1795329
30.148438 -130.28389 0.17952867
30.158203 -129.91014 0.17947711
30.167969 -129.9247 0.17949969
30.177734 -129.78647 0.17950557
30.1875   -129.74492 0.17949022
30.197266 -129.67426 0.17954297
30.207031 -129.70624 0.17951459
30.216797 -129.99448 0.1795131
30.226563 -129.72734 0.1795131
30.236328 -129.46672 0.1795321
30.246094 -129.5455 0.17947838
30.255859 -129.80197 0.17949952
30.265625 -129.50856 0.17946884
30.275391 -129.89946 0.17949872
30.285156 -130.25232 0.17949738
30.294922 -129.93147 0.17950304
30.304688 -130.03018 0.17946899
30.314453 -129.98627 0.17953271
30.324219 -129.92696 0.17950259
30.333984 -129.51312 0.17951682
30.34375  -129.69125 0.17948106
30.353516 -129.72739 0.17955363
30.363281 -129.77089 0.17957054
30.373047 -129.84528 0.17953502
30.382813 -129.6113 0.17950043
30.392578 -129.96744 0.17949112
30.402344 -129.76859 0.17956518
30.412109 -129.73355 0.17951132
30.421875 -129.87584 0.17950118
30.431641 -129.74904 0.17952271
30.441406 -129.85927 0.17952047
30.451172 -129.8129 0.17953619
30.460938 -129.54785 0.17950729
30.470703 -129.62352 0.1795131
30.480469 -129.5531 0.1795283
30.490234 -129.77342 0.17954455
